person 0.32 0 682 56 765
person 0.33 1070 682 1182 816
person 0.34 822 691 909 769
person 0.36 1048 508 1108 567
person 0.46 52 682 128 772
person 0.54 242 635 312 732
person 0.55 930 574 1005 643
person 0.62 516 724 622 867
person 0.63 212 730 331 875
person 0.63 1014 811 1167 949
person 0.63 599 648 681 719
person 0.70 424 693 516 794
person 0.70 333 697 418 796
person 0.72 858 645 935 737
person 0.77 716 620 779 685
person 0.80 562 608 621 674
person 0.82 471 622 527 696
person 0.86 875 806 1016 943
person 0.86 125 642 179 722
