person 0.31 292 253 338 298
person 0.33 380 257 429 306
person 0.34 202 259 255 315
person 0.40 54 359 167 498
person 0.42 779 253 824 305
person 0.48 432 275 496 347
person 0.50 272 248 320 294
person 0.50 732 229 767 274
person 0.52 767 266 814 321
person 0.54 682 153 715 209
person 0.62 139 241 184 301
person 0.64 679 234 716 284
person 0.68 0 436 46 600
person 0.73 29 249 72 305
person 0.77 832 227 869 274
person 0.79 97 264 143 322
person 0.83 0 272 43 359
person 0.89 572 425 748 594
person 0.91 458 320 572 432
person 0.93 212 275 292 367
