person 0.31 58 81 80 108
person 0.31 193 115 221 147
person 0.47 0 82 17 112
person 0.47 3 112 38 158
person 0.48 193 96 212 116
person 0.50 329 105 352 139
person 0.50 374 121 400 155
person 0.53 25 95 52 129
person 0.57 336 112 359 144
person 0.64 82 90 104 118
person 0.67 83 61 104 85
person 0.67 193 100 217 129
person 0.68 130 96 158 130
person 0.70 77 121 123 180
person 0.75 39 60 62 87
person 0.77 243 98 267 124
person 0.89 92 59 113 87
person 0.93 282 141 324 188
person 0.93 130 154 180 212
