person 0.32 219 178 250 212
person 0.38 223 162 251 185
person 0.48 426 191 449 257
person 0.60 150 159 176 186
person 0.60 358 148 387 176
person 0.61 411 177 445 238
person 0.61 181 145 203 171
person 0.68 237 144 263 172
person 0.70 233 158 261 186
person 0.73 172 150 196 177
person 0.75 0 167 18 194
person 0.79 29 199 70 257
person 0.79 124 168 163 208
person 0.80 18 144 41 170
person 0.85 350 142 372 168
person 0.87 208 87 227 116
person 0.91 41 147 68 173
person 0.91 411 143 440 175
person 0.94 81 143 104 167
person 0.94 178 195 232 252
