person 0.32 1059 1768 1351 2003
person 0.39 3110 1691 3275 1872
person 0.43 2011 1799 2236 1988
person 0.45 0 1872 114 2256
person 0.49 2432 1939 2733 2246
person 0.58 926 1289 1096 1533
person 0.60 3157 1849 3448 2194
person 0.62 3457 1751 3705 2020
person 0.73 2738 1650 2931 1848
person 0.74 1722 1895 2062 2247
person 0.74 3652 1930 4032 2405
person 0.78 1018 1835 1382 2226
person 0.85 157 1802 396 2033
person 0.88 618 2256 1298 2990
person 0.89 1542 1783 1767 2035
person 0.89 2205 2264 2666 2756
