person 0.35 383 189 420 244
person 0.42 193 198 236 256
person 0.46 306 161 339 205
person 0.48 392 124 425 167
person 0.62 115 143 149 185
person 0.63 250 95 284 139
person 0.64 165 141 201 183
person 0.66 303 96 337 139
person 0.70 119 204 164 260
person 0.72 326 189 364 242
person 0.74 275 128 311 173
person 0.77 429 127 464 176
person 0.81 230 134 268 180
person 0.83 474 137 509 186
person 0.84 181 96 216 140
person 0.88 418 90 449 133
person 0.93 563 142 601 193
person 0.94 126 88 160 134
person 0.95 61 157 100 210
person 0.96 503 78 538 125
