person 0.33 969 286 1030 340
person 0.37 323 326 385 393
person 0.41 352 294 409 369
person 0.42 589 217 640 285
person 0.44 493 378 573 468
person 0.46 405 368 476 448
person 0.48 777 260 829 321
person 0.48 118 375 174 441
person 0.50 812 364 877 449
person 0.52 656 242 707 307
person 0.54 488 126 548 214
person 0.57 354 108 407 180
person 0.58 897 352 966 415
person 0.61 1081 262 1138 319
person 0.67 876 259 928 317
person 0.69 568 511 672 621
person 0.70 239 448 341 552
person 0.81 576 342 649 425
person 0.87 226 345 294 435
person 0.91 245 588 384 738
