hat 0.32 61 360 284 546
person 0.31 681 323 786 474
person 0.40 366 153 434 248
person 0.41 185 276 324 430
person 0.45 501 321 605 465
person 0.46 543 166 607 245
person 0.48 1204 112 1280 272
person 0.48 250 152 364 298
person 0.50 182 89 263 193
person 0.50 650 172 750 308
person 0.69 401 213 506 373
person 0.73 436 114 516 219
person 0.78 819 111 900 221
person 0.90 1136 342 1253 482
person 0.91 1008 352 1129 497
person 0.91 0 204 139 382
person 0.93 814 330 921 478
person 0.97 103 516 391 833
