person 0.30 168 270 223 345
person 0.31 147 362 210 439
person 0.31 565 415 648 506
person 0.32 979 304 1033 376
person 0.32 394 359 464 435
person 0.34 411 280 468 341
person 0.36 635 271 679 329
person 0.36 950 380 1018 456
person 0.37 201 350 263 425
person 0.39 615 337 668 406
person 0.52 721 296 774 362
person 0.52 255 345 316 410
person 0.58 837 385 901 458
person 0.62 0 302 57 402
person 0.63 811 308 868 369
person 0.66 335 269 398 347
person 0.68 65 332 131 419
person 0.69 663 375 725 448
person 0.83 856 281 908 345
