person 0.37 815 163 878 246
person 0.38 349 193 409 276
person 0.40 1184 383 1273 510
person 0.44 452 289 528 385
person 0.45 759 188 827 276
person 0.46 889 162 951 252
person 0.50 419 202 477 286
person 0.51 655 167 724 254
person 0.53 313 193 372 275
person 0.62 279 302 356 397
person 0.62 950 196 1008 275
person 0.65 1183 161 1255 266
person 0.68 521 171 589 257
person 0.68 1096 294 1176 400
person 0.69 173 196 236 270
person 0.70 192 407 286 530
person 0.81 1053 190 1115 285
person 0.81 924 307 1000 407
person 0.86 378 421 472 527
person 0.90 1032 429 1120 542
