person 0.39 143 99 165 129
person 0.43 193 102 215 131
person 0.49 339 78 360 103
person 0.54 137 71 156 93
person 0.65 50 66 68 90
person 0.66 59 102 81 129
person 0.68 282 74 300 96
person 0.71 92 71 113 94
person 0.73 301 67 320 88
person 0.76 234 104 255 134
person 0.83 209 59 228 83
person 0.83 317 102 340 129
person 0.84 367 71 388 98
person 0.86 277 103 301 129
person 0.87 174 66 194 90
person 0.91 360 102 387 128
person 0.91 16 69 40 95
person 0.92 104 99 127 129
person 0.92 247 63 268 89
