person 0.33 209 75 230 102
person 0.44 388 83 411 106
person 0.49 287 68 307 95
person 0.54 366 71 388 97
person 0.57 109 73 130 101
person 0.63 400 54 422 83
person 0.67 135 65 155 94
person 0.70 326 67 347 95
person 0.71 173 62 194 92
person 0.73 65 60 85 91
person 0.74 149 83 170 112
person 0.78 238 72 260 100
person 0.80 422 72 446 103
person 0.81 75 62 97 93
person 0.82 302 66 326 94
person 0.85 26 77 52 110
person 0.89 267 80 289 107
person 0.89 187 82 209 112
person 0.92 339 85 365 113
person 0.97 455 63 479 93
