person 0.31 2176 793 2324 951
person 0.33 2726 640 2854 790
person 0.40 2438 649 2568 792
person 0.41 1184 991 1338 1168
person 0.42 816 741 943 880
person 0.44 2641 728 2770 861
person 0.50 3028 1005 3130 1360
person 0.53 1415 762 1532 911
person 0.58 1514 840 1669 1009
person 0.60 1377 997 1559 1187
person 0.62 27 750 172 918
person 0.64 662 858 823 1015
person 0.68 246 935 517 1224
person 0.70 601 884 762 1044
person 0.78 2882 756 3025 920
person 0.78 1391 1123 1673 1441
person 0.92 2445 837 2673 1111
