person 0.31 579 179 625 233
person 0.32 300 298 400 428
person 0.34 497 125 533 168
person 0.35 10 235 65 299
person 0.39 633 118 668 163
person 0.41 696 73 726 115
person 0.49 362 117 398 164
person 0.50 235 124 269 167
person 0.52 672 130 718 185
person 0.53 601 130 633 172
person 0.54 381 103 413 150
person 0.56 36 330 110 435
person 0.57 315 189 358 239
person 0.61 8 175 69 248
person 0.62 36 121 74 164
person 0.65 444 167 494 231
person 0.71 35 256 114 336
person 0.73 436 99 467 141
person 0.76 246 158 289 206
person 0.77 191 222 247 295
