person 0.35 404 135 437 174
person 0.35 218 158 268 221
person 0.39 279 105 310 140
person 0.47 161 99 193 133
person 0.57 0 294 50 397
person 0.57 152 116 187 154
person 0.59 0 104 24 143
person 0.63 531 119 585 179
person 0.64 292 116 319 151
person 0.68 115 89 153 139
person 0.68 242 115 274 154
person 0.69 110 135 159 201
person 0.71 338 128 372 172
person 0.75 443 116 475 155
person 0.75 45 103 80 148
person 0.78 182 195 256 287
person 0.81 489 154 551 236
person 0.84 22 171 86 256
person 0.91 336 172 388 249
person 0.94 412 20 442 63
