hat 129 238 238 359
hat 496 208 572 291
hat 403 138 443 185
hat 366 118 399 156
hat 341 96 376 136
hat 243 154 282 201
hat 229 193 285 260
hat 261 106 296 148
hat 329 64 354 97
hat 153 128 195 173
hat 24 192 79 245
hat 172 104 205 137
person 109 74 130 101
person 636 95 668 131
hat 570 97 593 121
hat 436 22 453 46
person 28 61 54 89
person 78 63 98 83
person 98 66 117 84
person 144 51 162 68
hat 166 48 185 70
person 182 25 198 43
person 201 26 217 41
person 271 75 292 98
hat 305 55 323 75
person 269 40 287 60
