hat 293 229 301 237
hat 252 233 260 240
hat 247 248 255 257
hat 188 281 196 289
hat 221 292 229 301
hat 197 264 203 272
hat 210 267 217 275
hat 99 533 114 550
hat 103 510 120 526
hat 122 399 134 411
person 234 350 242 359
person 205 399 216 411
person 145 396 155 408
person 158 303 167 314
person 57 377 67 389
person 31 381 43 393
person 11 406 21 419
person 7 419 17 433
person 1 499 11 515
person 5 479 19 496
person 66 520 80 534
person 36 546 53 564
person 1 534 12 550
person 1 516 8 531
person 288 461 300 475
person 207 560 222 577
person 222 531 236 547
person 87 564 104 580
person 151 493 163 507
person 166 491 178 504
person 169 472 180 486
hat 151 465 165 479
hat 229 486 245 502
person 359 581 376 598
person 394 510 400 525
person 126 425 138 440
person 253 313 262 322
hat 265 293 275 303
person 287 277 294 284
person 76 206 82 213
person 67 207 73 213
person 56 209 62 216
person 37 226 44 233
