hat 125 77 160 120
hat 2 94 15 110
hat 18 93 32 109
hat 30 91 40 105
hat 43 98 51 107
hat 55 88 67 103
hat 67 88 78 102
hat 76 92 89 106
hat 91 93 99 104
hat 97 90 107 104
hat 106 89 116 104
hat 185 78 213 112
hat 175 86 187 102
hat 166 87 176 100
hat 156 87 166 99
hat 115 94 123 104
hat 212 81 226 98
hat 223 80 234 97
hat 233 86 244 101
hat 254 83 266 100
hat 270 85 281 99
hat 276 82 284 93
hat 283 90 293 101
hat 290 83 299 101
hat 327 91 341 108
person 241 82 257 104
hat 367 77 384 97
hat 402 90 415 104
hat 412 78 425 93
hat 433 93 447 110
hat 447 87 459 103
hat 483 93 498 111
hat 469 84 483 99
hat 485 83 494 93
hat 495 88 500 104
hat 424 90 436 101
hat 390 89 401 104
hat 316 82 326 97
hat 301 85 311 100
hat 307 86 316 98
hat 350 89 362 105
hat 342 83 349 95
