person 87 310 142 370
person 270 160 295 188
person 254 151 273 180
person 338 148 359 168
person 331 132 351 154
person 371 118 390 144
person 401 125 421 154
person 425 117 443 148
person 448 147 468 169
person 478 141 497 164
person 534 168 560 198
person 571 139 594 164
person 442 111 460 135
person 470 108 491 131
person 523 107 542 130
person 529 90 547 110
person 555 91 570 108
person 583 95 602 117
person 603 113 625 137
person 601 82 619 103
person 634 96 653 118
person 640 84 661 106
person 669 130 689 153
person 694 117 714 139
person 683 89 702 109
person 681 73 697 92
person 708 72 725 96
person 734 66 749 87
person 743 85 762 104
person 752 97 768 119
person 759 113 777 133
person 570 96 584 118
person 772 66 789 90
person 793 79 812 99
person 817 68 834 91
person 851 75 867 95
person 877 84 893 106
person 805 101 822 123
person 845 91 861 113
person 710 97 731 116
person 698 191 722 221
person 739 211 770 245
person 747 165 779 199
person 808 138 831 167
person 855 122 876 145
person 802 226 833 261
person 876 231 908 268
person 971 247 1005 290
person 1064 269 1099 313
person 1084 226 1110 265
person 1172 249 1204 287
person 883 145 910 174
person 911 127 932 153
person 916 104 935 125
person 948 101 964 122
person 958 119 973 137
person 979 138 998 164
person 920 163 946 191
person 1001 168 1024 199
person 1007 127 1027 149
person 995 105 1012 127
person 1037 119 1052 141
person 1075 131 1092 153
person 1086 123 1102 146
person 1108 141 1124 166
person 1120 134 1135 155
person 1095 165 1115 192
person 1064 177 1088 200
person 1062 203 1082 236
person 1141 186 1160 216
person 1144 152 1162 176
person 1176 143 1193 165
person 1212 142 1228 161
person 1197 210 1219 239
person 1200 193 1219 214
person 1201 172 1216 195
