person 64 220 100 254
person 106 221 141 253
person 126 188 154 222
person 159 228 192 267
person 178 177 208 211
person 210 210 243 244
person 231 182 260 217
person 64 345 105 387
person 167 269 197 304
person 157 345 195 389
person 235 354 269 402
person 272 359 305 403
person 235 262 272 303
person 264 222 291 255
person 284 198 309 230
person 310 222 336 253
person 326 243 361 280
person 287 262 316 299
person 317 191 347 223
person 342 177 371 208
person 400 247 437 287
person 401 204 437 240
person 411 147 446 185
person 376 341 409 381
person 403 332 439 381
person 453 198 482 230
person 474 164 503 198
person 493 177 524 210
person 501 339 539 385
person 534 264 570 306
person 548 195 579 235
person 548 156 577 190
person 591 174 620 209
person 605 202 636 241
person 558 316 597 366
person 648 322 692 369
person 663 195 692 230
person 645 163 672 195
person 670 165 695 199
person 693 166 714 199
person 686 220 720 264
person 725 328 763 375
person 777 315 818 366
person 726 197 764 238
