person 170 269 221 318
person 347 144 365 164
person 376 147 393 168
person 434 123 449 140
person 437 156 461 179
person 463 126 482 149
person 465 103 482 121
person 488 110 504 126
person 510 107 526 126
person 481 86 494 99
person 509 77 519 90
person 546 76 562 90
person 547 121 567 140
person 590 84 606 104
person 589 73 604 89
person 490 177 519 211
person 596 126 624 162
person 688 136 715 163
person 766 157 786 186
person 809 161 830 190
person 919 118 936 142
person 848 92 865 114
person 849 68 862 86
person 793 61 809 83
person 773 71 790 90
person 751 87 767 104
person 727 77 743 98
