person 10 110 48 148
person 89 113 114 144
person 156 102 176 130
person 195 102 215 124
person 226 100 240 120
person 237 103 247 118
person 261 101 276 121
person 253 100 263 114
person 298 103 311 121
person 341 64 364 92
person 379 65 399 95
person 395 77 413 98
person 367 125 405 159
person 374 153 412 186
person 351 179 386 212
person 41 63 61 79
person 41 77 52 88
person 35 88 49 100
person 9 80 24 93
person 1 87 13 104
person 7 61 20 76
person 25 63 36 72
person 69 67 79 74
person 69 80 80 90
person 74 77 81 85
person 69 58 79 68
person 92 66 101 76
person 113 80 123 92
person 97 86 109 98
person 94 97 105 112
person 140 74 156 92
person 127 83 138 91
person 126 61 137 72
person 111 72 117 79
person 166 71 172 80
person 202 67 214 81
person 240 83 251 95
person 220 77 231 90
person 218 67 226 75
person 246 71 252 82
person 236 75 242 84
person 279 75 289 86
person 265 78 273 87
person 257 83 264 91
person 289 78 299 87
person 321 80 328 89
person 307 79 314 88
person 313 99 320 110
person 301 96 308 103
person 175 79 186 90
person 179 68 185 77
person 186 64 192 72
person 195 66 200 74
