person 22 181 73 245
person 11 146 53 190
person 37 140 70 181
person 30 103 61 139
person 24 98 43 113
person 56 96 85 128
person 86 97 107 124
person 112 115 137 144
person 114 105 135 124
person 113 94 131 111
person 90 149 127 193
person 113 139 144 177
person 170 177 227 236
person 176 151 214 183
person 171 131 199 160
person 176 117 204 147
person 162 106 187 135
person 146 97 170 126
person 185 85 208 113
person 223 81 245 107
person 217 103 240 126
person 220 121 245 156
person 236 131 267 166
person 262 156 299 197
person 282 181 327 226
person 272 96 299 124
person 303 113 327 144
person 331 96 351 121
person 349 112 369 138
person 351 130 378 163
person 374 104 395 130
person 372 90 388 108
person 408 100 428 121
person 412 110 444 136
person 411 124 439 153
person 406 146 440 187
person 459 145 488 188
person 476 131 506 171
person 451 103 478 137
person 512 176 558 230
person 527 129 555 168
person 520 121 544 153
