person 66 346 145 442
person 41 260 85 304
person 106 244 134 278
person 127 263 162 301
person 145 289 205 363
person 157 240 182 274
person 171 249 195 276
person 194 247 222 279
person 236 256 274 296
person 269 284 321 336
person 284 307 340 367
person 278 359 379 469
person 437 317 499 397
person 405 288 448 340
person 410 271 445 307
person 417 236 442 263
person 383 243 407 271
person 335 243 359 268
person 317 230 339 253
person 297 246 328 278
person 278 246 301 270
person 268 227 286 249
person 480 273 504 297
person 496 267 535 311
person 463 207 489 238
person 478 240 503 265
person 523 238 543 262
person 534 245 561 271
person 567 238 590 265
person 564 268 592 303
person 543 292 587 353
person 612 249 653 303
person 599 253 621 278
person 655 266 686 307
person 661 242 684 272
person 681 260 703 286
person 719 253 739 280
person 739 276 768 320
person 755 253 776 278
person 780 263 811 300
person 836 246 887 307
