person 94 926 203 1037
person 150 852 245 922
person 189 799 269 876
person 264 813 363 926
person 296 731 335 782
person 258 708 290 750
person 209 734 251 774
person 210 711 240 741
person 141 708 176 743
person 103 728 140 764
person 41 750 77 787
person 67 737 102 775
person 145 750 189 783
person 360 726 389 759
person 312 713 346 747
person 344 709 369 744
person 417 729 450 768
person 425 713 455 740
person 473 696 503 731
person 453 675 479 703
person 509 691 538 714
person 507 710 537 739
person 458 743 485 775
person 478 758 522 798
person 536 734 576 781
person 396 812 458 870
person 486 836 564 919
person 473 909 570 1017
person 534 804 605 877
person 598 759 647 797
person 627 736 661 771
person 708 745 752 790
person 703 715 729 745
person 726 708 751 734
person 887 631 913 656
person 694 829 777 911
person 774 841 854 943
person 783 964 893 1038
person 870 881 1025 1043
person 1079 961 1186 1046
person 1040 838 1124 925
person 961 834 1031 910
person 902 807 966 869
person 801 733 852 787
person 853 755 895 798
person 880 728 915 765
person 983 758 1033 798
person 1030 743 1061 776
person 1047 755 1080 785
person 1058 728 1082 757
person 1087 748 1117 782
person 1119 764 1158 801
person 1132 739 1167 776
person 1160 700 1189 741
person 1177 717 1205 761
person 1224 712 1247 746
person 1255 723 1301 772
person 1241 818 1306 876
person 1111 810 1167 880
person 1191 860 1250 914
person 1297 885 1390 967
person 1304 731 1351 783
person 1361 754 1393 801
person 1379 734 1421 783
person 1406 759 1437 809
