person 78 296 134 362
person 247 145 269 169
person 253 154 280 181
person 315 129 337 155
person 354 113 377 135
person 349 129 373 155
person 386 122 408 150
person 399 124 419 149
person 419 145 445 176
person 421 108 444 130
person 465 129 487 153
person 458 102 480 125
person 494 95 514 113
person 509 103 528 124
person 514 163 537 186
person 559 128 583 154
person 561 94 581 115
person 588 111 607 131
person 582 80 600 100
person 540 89 557 104
person 616 84 638 113
person 632 86 649 105
person 631 122 651 150
person 663 71 680 93
person 669 80 686 99
person 688 70 707 90
person 716 66 734 84
person 726 80 743 97
person 733 96 750 116
person 725 114 747 140
person 698 120 714 135
person 697 92 716 113
person 760 64 777 84
person 791 69 811 92
person 791 93 809 115
person 833 72 849 91
person 827 79 846 104
person 855 81 872 104
person 930 96 948 115
person 919 106 935 128
person 939 108 958 133
person 982 100 999 125
person 992 123 1012 145
person 1007 114 1026 136
person 894 122 918 149
person 835 114 856 140
person 787 131 814 164
person 728 153 758 188
person 685 180 711 214
person 719 210 750 244
person 786 213 818 251
person 871 218 903 253
person 861 152 887 179
person 902 165 928 188
person 960 136 982 163
person 963 169 992 199
person 1051 127 1069 149
person 1067 131 1082 149
person 1091 126 1111 145
person 1095 142 1115 165
person 1130 145 1149 167
person 1158 136 1178 158
person 1195 141 1210 165
person 1057 161 1080 188
person 1080 161 1099 183
person 1125 180 1148 208
person 1186 171 1206 200
person 1184 199 1206 232
person 1155 209 1178 235
person 1036 194 1063 229
person 1066 228 1093 265
person 1156 241 1184 276
person 950 251 989 298
person 1038 291 1076 333
