person 11 108 39 137
person 10 92 33 118
person 2 54 19 74
person 49 97 67 119
person 42 126 73 162
person 74 109 95 136
person 102 99 119 121
person 119 97 133 119
person 129 127 158 163
person 148 146 180 187
person 153 114 168 133
person 163 101 179 117
person 202 105 219 125
person 196 121 216 143
person 217 132 241 162
person 230 152 258 185
person 259 116 272 134
person 271 124 287 149
person 281 129 299 153
person 298 147 321 178
person 306 120 320 138
person 307 109 320 127
person 323 126 341 150
person 356 115 371 133
person 369 122 385 143
person 376 129 393 151
person 363 149 387 176
person 393 115 409 135
person 421 121 439 140
person 429 132 447 155
person 445 144 465 171
person 510 101 526 119
