person 74 418 190 526
person 163 353 235 443
person 115 323 164 377
person 65 320 110 368
person 205 311 246 353
person 316 225 352 263
person 266 353 323 413
person 282 416 374 509
person 380 386 465 482
person 344 322 390 387
person 389 314 422 360
person 444 345 493 405
person 471 336 525 407
person 508 309 550 354
person 504 414 606 529
person 573 345 648 434
person 618 328 675 386
person 602 312 646 350
person 797 410 912 552
person 775 365 848 449
person 765 357 812 422
person 740 329 792 375
person 727 316 765 358
