person 19 230 76 281
person 19 185 50 220
person 9 173 36 195
person 39 171 60 195
person 107 186 134 214
person 97 179 122 203
person 135 182 161 207
person 120 138 135 156
person 154 209 190 236
person 104 264 189 346
person 183 192 209 221
person 202 181 224 207
person 262 180 283 204
person 265 191 287 210
person 273 198 300 222
person 274 207 313 246
person 302 242 369 333
person 313 174 331 198
person 331 177 355 202
person 336 193 360 219
person 363 194 400 232
person 390 208 430 250
person 466 213 536 285
person 463 174 490 200
person 500 179 528 207
person 541 181 580 215
person 558 147 574 169
