person 28 135 64 171
person 76 197 130 241
person 13 101 40 132
person 1 59 20 79
person 28 73 49 96
person 47 54 67 73
person 28 45 47 61
person 59 42 75 57
person 63 90 88 118
person 109 110 142 142
person 123 78 145 102
person 82 63 100 83
person 88 47 103 62
person 98 38 112 52
person 127 57 143 75
person 124 40 138 56
person 133 33 146 47
person 156 40 172 53
person 163 49 180 66
person 163 64 185 88
person 177 92 202 119
person 172 154 210 199
person 244 132 275 167
person 292 107 320 142
person 456 95 540 211
person 343 93 364 119
person 381 78 403 102
person 427 56 446 76
person 448 53 465 70
person 391 38 407 55
person 366 50 383 67
person 298 63 315 83
person 275 72 292 92
person 225 85 245 108
person 210 61 226 82
person 243 56 255 75
person 195 43 211 58
person 172 26 182 39
person 212 28 226 43
person 250 36 263 51
person 239 24 252 36
person 298 39 313 57
person 325 37 338 52
person 278 23 292 36
