person 167 303 221 368
person 255 224 278 248
person 293 227 315 257
person 328 242 352 272
person 335 196 357 223
person 383 233 410 270
person 415 216 434 237
person 411 193 434 213
person 448 222 472 248
person 476 217 502 247
person 477 199 496 220
person 473 184 491 203
person 465 170 483 191
person 499 174 516 193
person 523 171 540 195
person 509 202 535 230
person 549 198 570 221
person 548 228 580 256
person 592 208 612 234
person 553 178 573 197
person 543 161 559 180
person 549 155 569 176
person 587 174 607 197
person 607 184 627 207
person 636 163 655 183
person 648 185 670 211
person 685 171 704 191
person 678 164 694 183
person 673 145 688 162
person 712 147 730 166
person 732 161 746 177
person 726 135 740 153
person 745 146 762 161
person 759 164 775 180
person 800 152 818 169
person 792 140 808 159
person 689 148 702 165
person 585 244 621 286
person 633 263 666 302
person 695 245 726 283
person 701 213 730 243
person 717 274 758 323
person 749 302 794 347
person 783 243 814 272
person 763 229 791 256
person 747 203 772 230
person 794 183 817 209
person 838 164 859 189
person 814 150 832 171
person 847 198 869 225
person 815 230 843 263
person 873 267 905 305
person 821 326 875 383
person 947 326 988 365
person 867 163 885 186
person 890 171 910 195
person 910 185 931 210
person 890 146 907 166
person 931 156 951 176
person 932 174 952 196
person 964 159 986 185
person 973 201 997 224
person 1002 169 1022 192
person 1016 178 1034 200
person 1028 181 1043 200
person 1042 170 1058 191
person 1011 203 1034 228
person 1025 233 1054 272
person 963 231 990 266
person 932 275 963 314
person 1003 289 1041 336
person 1079 295 1115 339
person 1091 259 1114 293
person 1105 236 1127 262
person 1075 215 1096 245
person 1074 180 1096 207
person 1113 202 1134 223
person 1103 219 1127 243
person 1118 186 1137 207
