person 188 188 234 238
person 301 131 323 157
person 311 114 330 134
person 330 127 350 153
person 349 136 369 162
person 371 131 391 157
person 377 113 395 132
person 357 102 373 122
person 348 96 363 113
person 400 147 427 174
person 421 110 438 133
person 418 98 440 120
person 420 77 436 96
person 447 92 467 118
person 456 118 473 140
person 477 119 503 144
person 473 75 485 93
person 481 80 494 97
person 493 96 510 114
person 494 70 506 84
person 507 68 519 82
person 510 85 525 101
person 520 77 536 92
person 538 69 552 86
person 527 94 546 113
person 544 86 561 105
person 563 95 582 117
person 566 85 583 104
person 553 76 568 93
person 563 65 578 79
person 586 63 600 81
person 594 63 606 76
person 606 69 621 87
person 594 90 613 113
person 629 79 646 94
person 626 57 642 75
person 645 61 661 78
person 660 55 676 71
person 664 73 681 90
person 692 53 707 68
person 700 62 715 79
person 732 56 746 70
person 493 148 524 185
person 549 175 583 209
person 593 128 615 158
person 643 129 664 156
person 601 182 633 218
person 687 134 713 167
person 697 97 717 121
person 714 86 731 106
person 729 94 748 118
person 739 81 754 100
person 767 68 783 86
person 757 96 775 122
person 775 99 792 117
person 748 124 770 148
person 745 156 771 185
person 696 165 726 199
person 754 205 786 248
person 826 210 863 251
person 794 160 822 197
person 780 123 805 150
person 814 120 832 143
person 833 131 855 162
person 815 84 829 102
person 810 73 824 89
person 885 135 905 162
person 906 119 924 144
person 932 181 954 214
person 939 152 961 179
person 944 119 962 143
person 884 211 925 258
person 845 193 870 221
