person 24 186 73 233
person 13 149 38 175
person 53 153 75 177
person 73 157 103 187
person 60 139 74 152
person 240 118 253 132
person 226 114 235 126
person 189 152 204 165
person 182 137 195 151
person 216 156 237 179
person 239 166 267 196
person 281 153 303 179
person 263 131 281 149
person 304 139 319 154
person 264 199 301 231
person 277 271 350 335
person 382 196 417 231
person 315 166 342 193
person 336 144 351 160
person 324 128 339 141
person 353 149 372 165
person 356 133 368 147
person 374 135 387 145
person 395 144 411 156
person 446 136 463 154
person 424 149 439 161
person 473 141 489 156
person 418 177 439 199
person 464 179 511 230
