person 154 162 191 203
person 265 106 281 121
person 279 88 296 106
person 295 92 312 109
person 352 93 369 112
person 359 81 375 97
person 379 99 396 117
person 382 86 397 101
person 404 86 417 103
person 408 103 426 125
person 381 70 393 84
person 401 68 410 79
person 415 68 426 81
person 402 62 413 73
person 422 59 433 73
person 436 62 448 79
person 429 70 442 87
person 461 71 472 85
person 454 65 464 74
person 470 64 480 76
person 477 57 485 68
person 474 74 488 91
person 465 84 479 103
person 501 75 514 92
person 496 64 509 79
person 498 53 512 64
person 514 64 527 81
person 524 60 533 73
person 538 47 549 59
person 552 56 563 69
person 560 50 570 61
person 572 49 581 61
person 566 59 576 72
person 559 68 571 83
person 539 71 554 85
person 590 55 599 67
person 602 55 612 71
person 607 53 615 65
person 614 78 627 91
person 570 84 586 104
person 551 91 568 110
person 499 106 515 127
person 506 131 533 170
person 543 113 559 132
person 439 132 462 156
person 571 125 589 146
person 573 102 591 122
person 601 97 617 115
person 624 99 645 120
person 591 142 620 172
person 618 159 647 196
person 654 58 665 72
person 656 64 668 83
person 675 64 686 79
person 688 78 700 94
person 667 83 681 99
person 641 79 654 95
person 673 111 690 129
person 704 89 717 106
person 716 80 728 96
person 728 71 740 87
person 745 88 759 109
person 759 71 775 89
person 790 76 803 93
person 815 78 827 96
person 812 98 825 116
person 797 111 814 133
person 810 110 823 129
person 800 132 818 160
person 788 151 807 183
person 755 120 773 146
person 750 83 762 101
person 770 89 785 108
person 764 104 782 123
person 712 99 725 120
person 688 123 713 150
person 700 121 717 144
person 730 135 747 161
person 699 158 727 190
person 768 198 794 238
