person 223 198 271 251
person 264 163 286 184
person 297 151 313 174
person 314 145 334 167
person 324 129 340 146
person 346 127 366 146
person 322 168 351 193
person 361 151 383 180
person 392 127 410 146
person 392 114 411 134
person 425 129 444 154
person 445 150 468 179
person 449 131 472 152
person 452 110 469 134
person 434 95 447 114
person 466 109 483 130
person 483 128 505 154
person 497 109 514 130
person 483 79 497 97
person 497 83 512 102
person 503 90 521 109
person 531 106 552 126
person 514 73 526 86
person 552 74 570 91
person 566 86 584 107
person 550 90 566 107
person 565 111 586 134
person 593 91 612 111
person 591 64 604 77
person 583 75 596 89
person 635 74 649 93
person 622 80 639 100
person 623 54 636 69
person 630 68 643 81
person 644 70 655 85
person 662 67 675 82
person 664 56 679 70
person 683 62 694 78
person 694 64 710 81
person 691 53 704 68
person 726 55 740 74
person 590 135 615 161
person 561 171 592 206
person 504 162 534 200
person 636 146 663 172
person 633 127 654 148
person 677 94 699 120
person 693 114 714 142
person 694 143 724 175
person 706 189 747 232
person 608 209 646 243
person 730 122 757 150
person 717 80 737 104
person 747 96 767 122
person 768 94 787 115
person 750 74 772 99
person 775 76 792 95
person 777 69 794 84
person 801 57 819 77
person 817 66 831 84
person 827 68 839 85
person 819 88 837 109
person 790 118 812 147
person 780 106 799 129
person 747 160 780 194
person 820 159 851 195
person 866 137 888 168
person 850 99 870 123
person 849 80 863 95
person 869 77 886 93
person 869 91 881 106
person 896 107 914 132
person 917 116 939 143
person 913 86 931 107
person 919 70 933 86
person 943 67 962 90
person 940 99 954 120
person 947 114 966 139
person 950 90 966 109
person 983 113 1000 137
person 982 99 996 112
person 984 87 997 101
