person 38 227 75 267
person 263 150 278 171
person 293 150 313 167
person 336 138 353 156
person 352 121 370 139
person 380 123 403 144
person 382 102 402 123
person 412 102 431 122
person 436 105 451 127
person 414 158 446 184
person 377 149 401 166
person 356 145 378 166
person 462 127 486 146
person 500 130 521 149
person 491 84 509 96
person 520 69 537 85
person 553 113 573 142
person 521 110 542 128
person 596 129 624 162
person 608 93 630 113
person 577 90 596 108
person 522 166 554 196
person 571 166 596 202
person 640 171 679 202
person 650 147 674 172
person 672 110 690 130
person 706 142 736 167
person 738 159 766 188
person 707 113 728 136
person 731 119 756 144
person 745 97 766 119
person 762 87 784 109
person 797 131 821 155
person 838 141 867 173
person 889 178 916 212
person 913 145 935 175
person 980 150 1006 176
person 970 124 987 146
person 878 121 902 145
person 827 104 848 127
person 801 90 822 107
person 781 114 807 132
person 789 64 804 77
person 839 81 861 99
person 860 70 882 83
person 890 78 907 95
person 890 97 910 123
person 924 82 936 106
person 958 81 971 99
person 953 111 965 134
person 683 82 702 95
person 725 59 739 76
person 738 81 751 96
person 713 98 732 110
person 625 76 643 90
person 596 73 613 87
person 651 78 669 94
person 682 65 696 78
person 654 64 668 75
person 817 75 832 89
