person 157 270 193 317
person 268 150 285 166
person 306 146 326 167
person 325 145 346 172
person 347 118 361 135
person 370 126 389 141
person 369 115 385 130
person 361 147 383 170
person 414 144 434 166
person 449 141 471 165
person 411 121 428 141
person 394 100 407 115
person 420 101 435 118
person 438 103 453 122
person 455 110 470 128
person 467 124 484 149
person 492 133 510 157
person 500 112 519 129
person 467 86 482 102
person 492 88 509 103
person 535 108 551 125
person 553 111 572 135
person 569 92 584 111
person 551 91 567 110
person 520 73 532 84
person 610 95 625 113
person 595 82 609 96
person 611 78 630 97
person 601 65 614 82
person 616 65 629 82
person 643 78 659 95
person 635 67 647 82
person 644 62 658 77
person 671 73 686 91
person 677 63 690 79
person 704 65 717 83
person 517 173 547 201
person 566 168 592 199
person 573 139 595 163
person 618 189 648 223
person 647 114 667 133
person 653 142 679 168
person 702 134 729 163
person 682 116 702 138
person 696 96 711 117
person 739 98 754 117
person 736 81 752 101
person 761 89 776 107
person 740 120 758 144
person 753 143 778 175
person 803 128 824 158
person 771 110 788 134
person 812 86 826 106
person 808 69 821 84
person 801 84 814 100
person 796 63 809 78
person 830 87 843 103
person 846 91 867 112
person 872 67 886 87
person 893 102 908 122
person 902 88 915 107
person 878 113 894 136
person 807 167 836 199
person 889 185 916 218
person 905 144 930 174
person 964 144 987 173
person 968 133 990 161
person 943 118 959 138
person 936 96 950 112
person 953 100 968 120
person 944 82 957 97
