person 46 205 74 239
person 60 243 89 281
person 124 310 166 351
person 236 220 268 256
person 230 174 259 207
person 274 146 299 174
person 193 131 213 158
person 134 94 152 117
person 44 115 62 131
person 176 70 193 90
person 187 83 204 105
person 210 95 228 120
person 251 61 269 87
person 295 57 321 79
person 333 90 351 111
person 339 75 356 97
person 382 103 404 126
person 413 105 433 128
person 452 78 470 102
person 426 33 441 53
person 467 36 480 53
person 507 84 525 103
person 553 133 574 161
person 659 239 694 277
person 518 33 531 52
person 554 58 572 77
person 559 76 577 97
person 572 49 593 70
person 575 25 589 40
person 611 45 627 60
person 600 85 618 105
person 573 106 592 131
person 645 148 670 176
person 665 78 681 97
person 690 95 710 120
person 739 116 761 140
person 649 30 664 46
person 713 60 731 79
person 700 41 711 54
person 750 49 766 66
person 794 67 807 86
person 849 99 872 123
person 856 135 881 160
person 823 168 847 197
person 952 189 974 220
person 933 100 953 120
person 984 112 1003 130
person 1036 138 1054 158
person 1059 149 1079 174
person 1126 189 1149 214
