person 188 365 245 429
person 35 322 80 371
person 43 304 79 331
person 86 295 107 318
person 114 299 136 326
person 100 318 126 354
person 111 276 130 298
person 150 271 171 292
person 146 299 165 321
person 169 300 195 329
person 199 291 219 310
person 197 275 212 293
person 225 301 242 325
person 239 315 259 347
person 241 290 259 312
person 243 265 256 287
person 261 296 282 326
person 284 288 304 312
person 310 294 334 316
person 301 313 323 342
person 346 289 368 320
person 359 311 379 337
person 374 286 395 311
person 383 238 399 259
person 417 313 438 338
person 398 303 417 326
person 410 275 430 296
person 441 291 466 314
person 451 274 472 295
person 467 308 485 334
person 492 288 514 308
person 486 272 504 291
person 521 278 541 304
person 541 291 561 317
person 524 310 546 338
person 570 315 600 343
person 611 315 638 338
