person 183 321 242 376
person 1123 89 1143 114
person 802 62 824 83
person 821 67 843 89
person 861 70 880 90
person 927 76 946 98
person 986 73 1005 99
person 1006 80 1021 102
person 1043 81 1064 105
person 1084 92 1099 112
person 1033 93 1056 114
person 699 80 720 98
person 717 86 744 108
person 896 87 918 110
person 775 77 793 99
person 800 90 820 111
person 917 99 940 121
person 949 96 968 124
person 971 99 990 123
person 1002 111 1021 133
person 1021 109 1042 136
person 1055 108 1086 139
person 1108 129 1131 150
person 1133 148 1153 173
person 1073 143 1096 173
person 1023 152 1049 183
person 899 123 928 149
person 948 146 977 179
person 848 124 874 146
person 609 88 627 106
person 627 90 646 108
person 658 91 678 111
person 749 93 773 120
person 690 99 714 121
person 720 112 741 131
person 552 103 569 123
person 578 101 596 123
person 618 124 643 152
person 661 121 690 151
person 756 148 785 180
person 507 131 524 155
person 555 128 572 151
person 611 149 639 179
person 681 158 714 193
person 758 178 784 208
person 820 170 847 207
person 929 160 959 194
person 858 152 886 184
person 955 201 986 236
person 1008 174 1037 202
person 1033 199 1073 240
person 1122 234 1145 271
person 1068 168 1098 205
person 1136 197 1166 228
person 1031 230 1067 276
person 1074 281 1124 345
person 745 216 788 258
person 657 187 689 224
person 546 152 568 173
person 416 146 440 174
person 435 146 458 173
person 380 158 402 183
person 352 182 375 208
person 400 196 427 224
person 436 202 461 226
person 515 174 543 199
person 1171 114 1188 137
person 1150 144 1168 165
person 823 87 848 109
person 490 160 513 183
person 459 155 481 184
person 561 114 573 136
person 817 141 844 170
person 728 75 743 93
