person 40 159 64 185
person 298 116 316 137
person 302 96 318 113
person 330 100 345 117
person 393 79 406 96
person 382 104 400 121
person 422 107 441 127
person 418 82 435 100
person 426 76 441 91
person 444 63 458 78
person 469 70 478 79
person 481 59 493 72
person 495 63 510 76
person 527 60 540 74
person 565 53 577 68
person 588 49 600 64
person 606 45 618 61
person 467 111 492 135
person 451 80 467 98
person 478 78 496 96
person 514 77 527 94
person 538 78 557 94
person 531 93 555 112
person 500 133 525 161
person 546 147 571 172
person 588 144 612 173
person 641 158 674 195
person 565 119 585 141
person 607 101 628 125
person 558 84 576 106
person 573 70 590 84
person 602 72 617 87
person 614 58 625 72
person 628 61 641 75
person 637 55 647 68
person 657 54 669 68
person 659 63 673 77
person 677 60 689 74
person 681 78 696 96
person 694 66 709 83
person 723 63 740 80
person 734 65 744 76
person 753 66 769 83
person 715 84 730 100
person 741 90 759 110
person 674 106 690 123
person 689 114 712 137
person 636 105 657 126
person 647 123 669 145
person 766 96 784 117
person 780 84 791 96
person 784 94 801 111
person 796 86 809 104
person 816 73 829 88
person 808 92 823 112
person 833 90 845 108
person 842 78 856 95
person 850 75 863 90
person 870 78 882 96
person 876 87 892 102
person 863 90 878 106
person 901 97 918 121
person 914 92 927 110
person 856 108 871 121
person 841 115 863 145
person 822 111 839 132
person 892 139 912 163
person 867 165 891 196
person 811 153 831 181
person 796 179 824 212
person 747 133 770 162
person 778 127 800 159
person 698 210 732 243
person 610 132 637 160
