person 2 307 51 387
person 33 296 74 348
person 54 274 84 311
person 93 263 132 303
person 140 278 186 335
person 187 263 218 296
person 246 322 324 415
person 241 260 281 302
person 265 207 287 230
person 1 262 25 298
person 315 258 350 293
person 361 248 385 283
person 368 268 412 315
person 394 287 446 343
person 448 253 480 287
person 428 250 452 275
person 407 248 426 273
person 487 253 513 298
person 531 189 633 307
person 661 198 687 225
person 641 264 666 300
person 647 308 709 370
person 701 284 747 322
person 696 254 721 283
person 761 283 794 333
person 772 253 798 287
person 836 247 865 283
person 863 273 902 323
person 841 288 871 323
person 819 348 907 467
person 950 272 992 326
person 942 261 972 302
person 915 263 946 302
person 875 335 923 403
