person 80 126 95 142
person 170 172 204 211
person 191 157 232 203
person 183 123 217 156
person 209 94 231 119
person 254 72 276 97
person 322 96 340 119
person 338 100 359 123
person 366 94 385 116
person 403 111 434 146
person 406 81 431 112
person 397 67 415 89
person 372 65 393 85
person 357 72 374 92
person 428 70 446 92
person 444 92 468 125
person 460 60 478 85
person 447 58 460 75
person 482 59 495 75
person 499 71 514 94
person 518 84 535 106
person 523 75 541 94
person 511 66 527 81
person 505 28 518 41
person 519 27 532 39
person 537 28 553 42
person 550 73 567 92
person 592 66 614 92
person 595 52 614 69
person 628 50 646 71
person 648 52 663 71
person 659 44 676 61
person 694 38 711 55
person 663 75 677 94
person 672 85 691 106
person 582 127 608 158
person 375 169 425 220
person 651 146 682 184
person 689 146 711 172
person 712 126 734 153
person 708 94 729 121
person 700 75 716 93
person 711 59 729 79
person 726 79 742 100
person 742 59 761 79
person 766 73 783 92
person 760 103 776 122
person 691 179 724 222
person 772 183 802 221
person 812 212 850 260
person 807 147 831 181
person 765 124 789 150
person 827 83 854 116
person 875 142 902 177
person 889 77 913 108
