person 144 174 190 225
person 233 107 251 126
person 298 115 316 138
person 362 111 381 133
person 388 118 409 140
person 382 100 399 120
person 348 90 365 110
person 331 90 344 107
person 339 80 355 99
person 366 75 378 90
person 389 78 403 96
person 395 66 406 78
person 418 63 430 75
person 433 70 444 84
person 424 84 438 99
person 417 95 433 117
person 444 94 462 118
person 468 83 484 104
person 481 75 495 92
person 499 82 516 100
person 459 61 470 78
person 448 60 458 71
person 471 58 483 70
person 482 62 495 75
person 493 67 503 77
person 511 63 522 75
person 519 53 530 65
person 540 75 554 92
person 538 60 552 74
person 541 48 552 63
person 579 17 590 32
person 557 60 568 78
person 563 53 572 67
person 571 53 578 64
person 571 65 583 79
person 596 45 605 58
person 599 52 610 65
person 612 48 624 62
person 623 52 633 67
person 662 19 676 37
person 506 113 525 136
person 560 113 582 142
person 572 89 590 111
person 595 88 610 106
person 600 117 622 143
person 643 107 662 132
person 663 119 687 149
person 685 123 703 147
person 629 72 643 89
person 640 82 658 102
person 658 63 673 78
person 663 89 677 105
person 672 95 692 117
person 707 98 725 120
person 704 127 732 158
person 757 145 779 180
person 776 130 798 159
person 817 163 838 197
person 839 124 858 154
person 827 113 845 140
person 840 105 853 124
person 851 98 863 115
person 838 86 853 106
person 859 75 872 93
person 814 82 828 100
person 822 70 836 87
person 789 74 801 90
person 780 85 795 104
person 798 106 815 125
person 755 107 772 130
person 762 90 777 109
person 760 77 773 95
person 755 74 766 90
person 763 65 777 83
person 738 59 753 77
person 711 70 723 88
person 714 57 726 72
person 704 67 715 80
person 685 60 697 75
person 671 60 685 76
