person 19 460 120 592
person 147 511 326 696
person 286 387 370 498
person 184 356 261 436
person 347 346 415 414
person 477 450 598 577
person 511 372 573 452
person 627 338 692 410
person 716 319 773 383
person 727 390 820 500
person 816 364 888 441
person 885 336 955 415
person 943 329 1007 404
person 951 534 1116 740
person 1063 417 1185 564
person 1136 363 1223 460
person 1205 306 1273 398
person 1536 292 1603 367
person 1557 338 1624 427
person 1620 357 1707 467
person 1661 392 1767 531
person 1712 444 1800 605
