person 134 294 204 365
person 68 273 125 333
person 57 202 102 252
person 181 212 226 258
person 215 219 266 269
person 301 195 341 250
person 312 249 374 315
person 278 337 377 452
person 409 272 467 344
person 387 213 430 268
person 457 202 496 245
person 497 208 537 252
person 478 261 533 323
person 499 314 604 423
person 464 413 581 549
person 723 365 839 474
person 803 297 868 374
person 846 297 902 375
person 987 236 1022 298
person 905 229 938 275
person 862 246 904 299
person 808 202 844 246
person 748 256 798 309
person 758 222 806 271
person 705 206 748 262
person 631 207 665 249
person 595 240 633 291
person 556 259 609 320
person 552 203 588 240
