person 69 154 141 237
person 121 131 173 192
person 162 123 200 166
person 204 113 229 141
person 206 101 227 123
person 228 99 249 122
person 274 99 287 112
person 316 97 335 118
person 318 119 356 158
person 373 130 406 184
person 406 150 463 224
person 417 109 443 136
person 387 107 405 128
person 414 99 426 116
person 398 89 411 103
person 450 97 459 109
person 466 102 480 121
person 499 56 529 88
person 487 113 527 161
person 525 103 546 134
person 558 105 578 128
person 573 138 599 186
person 585 107 600 133
