person 1 224 44 266
person 41 228 74 258
person 43 201 68 222
person 18 196 41 216
person 1 188 14 208
person 28 185 45 200
person 24 177 40 191
person 43 167 56 180
person 64 182 83 206
person 66 197 92 223
person 76 230 123 269
person 137 220 180 259
person 119 207 149 237
person 104 212 124 235
person 91 194 112 220
person 123 187 143 205
person 117 181 133 199
person 79 161 93 177
person 105 162 121 180
person 127 164 139 179
person 146 181 163 198
person 136 175 151 189
person 154 165 169 184
person 151 161 162 175
person 214 129 237 157
person 193 129 217 151
person 166 182 192 205
person 171 172 191 191
person 189 195 215 223
person 191 219 219 242
person 226 212 264 249
person 224 194 253 224
person 251 155 267 173
person 238 144 255 164
person 241 172 260 198
person 275 208 311 251
person 318 201 350 236
person 323 237 367 270
person 308 179 333 212
person 277 162 297 189
person 275 154 289 171
person 265 146 278 164
person 277 115 289 129
person 288 150 305 173
person 303 156 316 177
person 318 154 335 175
person 337 174 366 208
person 365 170 389 205
person 368 198 403 235
person 407 207 449 254
person 398 157 416 179
person 432 162 450 190
person 367 140 388 163
person 353 145 371 165
person 342 135 357 155
person 384 138 395 155
person 384 130 393 142
