person 336 171 358 195
person 353 131 366 155
person 362 127 383 150
person 422 170 445 194
person 404 126 417 147
person 417 118 434 142
person 437 138 456 158
person 467 117 487 139
person 486 97 508 117
person 479 154 501 174
person 503 126 526 148
person 533 89 557 110
person 557 95 572 118
person 569 89 593 108
person 542 113 564 136
person 590 100 611 121
person 610 92 631 113
person 574 148 601 174
person 613 147 641 177
person 582 180 608 210
person 667 170 694 209
person 673 113 690 139
person 683 119 708 148
person 715 94 732 114
person 795 79 814 97
person 757 94 775 116
person 762 107 780 136
person 730 133 752 160
person 754 145 783 178
person 795 131 815 160
person 803 112 825 137
person 825 82 840 102
person 852 94 872 115
person 780 199 817 243
person 804 168 829 200
person 836 138 862 175
person 854 124 878 154
person 890 86 908 106
person 915 116 935 139
person 878 115 899 137
person 895 149 921 182
person 870 179 895 209
person 942 149 975 181
person 790 103 813 127
person 632 62 649 78
person 616 131 646 157
