person 1 381 31 426
person 85 367 105 391
person 80 343 105 369
person 116 361 137 388
person 140 352 160 377
person 147 370 173 401
person 171 379 215 419
person 184 353 204 378
person 212 347 233 370
person 224 339 245 371
person 246 341 264 367
person 267 353 282 372
person 277 336 296 360
person 280 361 306 392
person 259 371 288 401
person 252 403 298 449
person 333 371 364 401
person 314 345 333 369
person 309 346 320 362
person 340 340 356 362
person 359 362 381 390
person 384 374 418 409
person 408 358 430 389
person 433 371 464 409
person 419 397 468 452
person 387 339 405 364
person 377 335 392 355
person 401 328 418 347
person 442 354 468 379
person 474 364 499 401
person 514 372 544 412
person 511 350 534 376
person 519 329 542 357
person 505 324 520 348
person 499 306 515 324
person 475 317 494 338
person 474 347 495 376
person 462 339 479 360
person 447 325 463 346
person 543 348 565 376
person 561 335 577 359
person 545 321 560 339
person 571 317 585 338
person 582 353 611 379
person 586 369 618 407
person 625 359 651 394
person 606 329 630 362
person 653 337 673 362
person 682 360 714 398
person 685 345 707 368
person 695 321 710 341
person 675 328 688 342
person 671 336 686 353
person 736 350 760 380
person 750 346 772 369
person 744 334 757 352
person 737 324 751 339
person 779 322 793 342
person 784 331 803 356
person 798 348 816 369
person 814 326 830 348
person 832 332 851 359
person 826 321 842 344
person 864 315 884 337
person 872 329 894 353
person 907 328 925 353
person 940 318 955 339
person 744 400 788 458
person 818 373 859 425
person 891 369 920 412
person 916 366 953 419
person 944 353 976 386
person 892 422 944 479
person 965 438 1029 494
person 995 389 1039 438
person 976 374 1006 415
person 990 359 1019 390
person 1016 332 1039 362
person 1032 324 1057 353
person 1035 347 1068 383
person 1073 329 1093 360
person 1094 331 1113 358
person 1102 315 1118 335
person 1104 285 1120 308
person 1162 278 1181 303
person 1153 285 1169 306
person 1146 332 1171 361
person 1106 352 1140 390
person 1080 379 1108 428
person 1105 426 1172 507
person 1168 379 1216 432
person 1181 350 1212 385
person 1189 331 1216 364
person 1212 326 1233 353
person 1205 303 1226 328
person 1233 288 1256 312
person 1272 276 1291 303
person 1221 347 1306 439
