person 162 189 201 228
person 154 204 186 240
person 271 161 288 183
person 323 138 343 159
person 310 154 328 175
person 350 160 374 184
person 353 122 367 138
person 366 123 382 139
person 372 139 390 158
person 401 116 422 141
person 431 97 448 113
person 445 103 467 124
person 448 123 470 150
person 477 127 497 149
person 494 141 522 168
person 472 106 493 126
person 479 98 498 116
person 494 88 508 105
person 505 104 529 128
person 542 117 566 140
person 514 72 527 88
person 537 84 559 105
person 573 70 588 87
person 592 71 607 88
person 582 85 603 109
person 599 89 621 111
person 605 70 623 89
person 651 78 673 99
person 630 65 647 83
person 630 52 646 69
person 645 32 659 48
person 672 36 690 56
person 706 34 723 51
person 507 168 539 199
person 559 197 588 226
person 598 135 620 163
person 638 148 662 178
person 668 111 695 139
person 699 114 722 144
person 703 99 724 121
person 730 82 749 103
person 736 103 755 126
person 726 120 751 144
person 690 166 719 197
person 622 193 656 234
person 697 197 731 239
person 769 155 799 190
person 797 145 822 175
person 790 99 810 122
person 766 92 790 115
person 792 79 811 98
person 785 68 801 87
person 803 92 822 113
person 814 67 833 92
person 830 63 845 87
person 844 79 859 99
person 857 79 872 96
person 837 106 858 129
person 852 134 876 166
person 830 174 856 205
person 875 87 891 108
person 886 75 901 97
person 899 79 917 97
person 916 81 932 102
person 901 93 923 119
person 922 134 943 159
person 939 95 961 123
person 954 75 968 92
person 915 72 928 87
person 988 86 1000 104
person 981 109 999 133
person 967 156 992 188
person 946 93 962 117
