person 507 203 541 248
person 428 203 468 249
person 372 200 413 248
person 323 189 356 230
person 267 206 306 253
person 191 206 239 254
person 116 205 162 255
person 63 159 97 197
person 113 139 151 177
person 163 139 197 180
person 231 138 264 180
person 278 132 312 175
person 343 132 377 176
person 390 125 424 166
person 432 134 469 180
person 478 142 513 182
person 525 147 556 188
person 567 143 604 190
person 417 96 450 138
person 502 84 540 137
person 339 97 380 137
person 299 96 338 139
person 245 93 284 137
person 178 99 213 141
person 124 87 162 134
