person 182 320 234 376
person 346 184 378 221
person 374 157 395 180
person 410 149 432 177
person 406 183 434 216
person 429 193 460 228
person 481 193 510 229
person 441 150 465 179
person 458 157 482 182
person 480 162 512 192
person 502 132 528 158
person 549 137 573 165
person 581 150 604 184
person 588 130 614 156
person 552 125 575 149
person 534 115 552 137
person 551 108 574 129
person 582 100 601 120
person 608 104 628 122
person 609 84 628 107
person 627 87 645 111
person 644 104 664 130
person 666 110 690 136
person 656 89 674 112
person 683 96 701 118
person 697 104 719 133
person 709 97 729 120
person 692 84 708 103
person 700 76 719 94
person 724 84 738 104
person 725 63 741 82
person 755 93 777 120
person 770 79 787 97
person 758 68 773 88
person 794 86 814 110
person 792 79 808 96
person 804 58 822 78
person 821 66 841 89
person 821 84 841 106
person 858 69 874 90
person 649 192 687 235
person 670 179 705 210
person 748 171 777 210
person 763 136 789 165
person 809 140 836 171
person 816 166 846 206
person 742 215 790 262
person 854 145 884 184
person 845 120 866 146
person 893 87 913 109
person 899 125 928 153
person 918 162 960 205
person 959 137 983 166
person 944 119 965 143
person 940 93 961 120
person 927 78 946 98
person 974 96 993 122
person 988 76 1004 100
person 1004 78 1024 102
person 1000 108 1020 137
person 1022 105 1039 129
person 1034 92 1050 110
person 1045 83 1062 103
person 1049 124 1070 148
person 1058 106 1078 131
person 1076 94 1096 120
person 1079 90 1100 113
person 1026 143 1048 166
person 1015 161 1040 196
person 946 202 981 245
person 988 258 1033 313
person 1041 281 1099 337
person 1027 202 1062 248
person 1073 162 1102 199
person 1089 139 1117 171
person 1104 122 1128 150
person 1122 88 1141 110
person 1157 97 1178 124
person 1129 146 1151 175
person 1151 141 1172 172
person 1118 224 1152 272
person 1141 196 1177 239
