person 51 218 92 261
person 267 160 285 181
person 296 154 315 171
person 316 148 333 175
person 323 134 342 153
person 340 141 359 160
person 356 155 378 181
person 419 159 444 188
person 390 121 408 139
person 402 120 419 143
person 407 111 425 129
person 430 97 448 116
person 429 130 446 149
person 454 107 470 126
person 469 110 487 128
person 467 125 485 149
person 488 130 512 152
person 491 109 507 129
person 512 110 531 129
person 486 95 500 111
person 489 85 508 104
person 510 90 533 109
person 517 73 529 86
person 547 91 564 109
person 550 76 563 91
person 560 77 574 94
person 573 86 588 106
person 564 111 584 134
person 587 76 602 94
person 597 61 610 76
person 607 87 627 113
person 621 73 631 89
person 630 80 650 100
person 646 70 660 87
person 635 53 650 70
person 662 54 678 69
person 676 70 690 81
person 690 52 704 69
person 712 68 726 85
person 727 54 742 71
person 730 78 746 98
person 756 77 772 99
person 750 101 769 123
person 681 103 706 124
person 679 127 700 155
person 635 114 658 136
person 603 136 627 161
person 643 139 670 168
person 698 142 722 171
person 734 124 755 150
person 759 155 786 187
person 702 196 736 235
person 640 181 669 220
person 582 160 613 193
person 507 172 534 202
person 784 67 798 85
person 800 57 812 74
person 791 84 806 100
person 785 96 802 116
person 777 110 797 134
person 791 139 813 169
person 827 155 858 190
person 867 141 889 170
person 806 94 822 116
person 851 104 868 125
person 816 73 830 89
person 827 67 839 83
person 841 76 853 94
person 856 77 869 92
person 885 78 900 98
person 904 81 921 102
person 922 72 936 88
person 925 86 940 108
person 954 71 967 89
person 953 92 966 107
person 986 89 997 103
person 981 99 996 116
person 983 116 1001 139
person 940 110 956 133
person 896 100 913 126
person 891 94 908 115
person 920 121 937 149
person 973 157 998 189
