person 205 317 263 376
person 416 148 443 179
person 467 152 503 181
person 499 132 526 160
person 549 146 572 172
person 574 147 603 181
person 636 119 664 150
person 709 103 735 135
person 751 69 764 85
person 696 161 729 194
person 774 152 807 187
person 813 138 843 172
person 830 161 867 202
person 879 145 912 185
person 947 175 981 219
person 903 98 932 127
person 952 106 974 137
person 997 106 1022 140
person 1002 228 1049 282
person 1033 204 1074 256
person 1107 240 1147 292
person 1114 191 1147 238
person 1028 144 1056 172
person 1051 112 1070 140
person 1118 117 1138 141
person 1089 150 1113 183
person 1065 104 1088 131
person 1152 152 1176 187
