person 255 120 280 147
person 346 103 367 126
person 403 103 422 126
person 412 104 438 133
person 415 92 433 112
person 443 99 461 118
person 448 117 468 137
person 468 123 488 144
person 471 82 486 102
person 495 96 512 120
person 498 78 511 93
person 513 89 530 108
person 518 76 534 93
person 523 68 537 84
person 532 104 552 128
person 532 124 553 151
person 580 102 600 127
person 575 94 590 110
person 552 92 566 109
person 561 81 576 98
person 573 75 587 90
person 604 81 622 100
person 618 93 636 111
person 631 84 645 103
person 617 75 630 92
person 610 57 624 72
person 663 77 676 94
person 659 71 673 82
person 654 56 665 71
person 687 57 703 74
person 693 79 711 98
person 719 66 734 82
person 745 65 758 83
person 593 135 624 171
person 643 131 667 166
person 646 155 685 195
person 675 118 700 145
person 704 107 725 133
person 742 101 763 127
person 754 85 769 105
person 764 77 779 98
person 791 75 806 92
person 782 94 801 112
person 787 114 804 134
person 803 87 820 108
person 819 82 835 102
person 843 88 859 110
person 830 99 849 118
person 823 124 845 148
person 793 137 815 165
person 755 154 785 190
person 706 177 739 218
person 886 144 910 176
person 905 171 931 206
person 917 156 940 187
person 879 123 902 149
person 876 97 894 120
person 887 82 905 105
person 920 93 937 115
person 939 111 956 134
person 932 132 953 158
person 964 159 986 194
person 981 135 999 154
person 951 106 964 124
person 999 119 1019 143
person 991 105 1008 125
person 990 91 1002 109
