person 189 245 242 309
person 239 228 289 293
person 317 161 338 187
person 375 147 397 172
person 453 149 475 176
person 436 126 454 150
person 464 124 488 151
person 467 101 486 126
person 492 106 512 133
person 476 87 490 104
person 491 85 508 103
person 557 76 572 97
person 584 79 599 102
person 604 81 621 106
person 556 110 578 133
person 491 181 519 212
person 682 139 712 173
person 761 153 787 185
person 819 160 847 193
person 722 81 741 102
person 754 78 771 102
person 765 91 786 111
person 786 81 802 100
person 806 87 827 111
person 842 98 859 125
person 858 66 872 87
person 929 115 952 146
