person 35 224 68 262
person 271 161 292 179
person 302 154 323 172
person 324 145 341 166
person 370 160 387 180
person 352 143 368 162
person 341 124 354 138
person 364 123 381 139
person 403 122 419 141
person 436 128 454 147
person 413 111 430 129
person 442 96 454 110
person 412 167 439 190
person 467 126 486 148
person 507 129 525 155
person 490 116 508 138
person 471 105 490 121
person 459 110 473 129
person 474 88 485 104
person 520 109 536 127
person 514 90 528 108
person 490 101 504 115
person 541 93 557 110
person 535 83 552 104
person 521 73 533 88
person 503 83 516 95
person 551 73 562 90
person 566 70 579 87
person 574 112 591 133
person 569 88 589 110
person 607 90 623 112
person 589 79 603 102
person 602 58 612 74
person 635 66 649 82
person 632 52 645 70
person 663 69 674 82
person 658 57 671 71
person 683 55 700 71
person 682 68 694 84
person 519 158 544 187
person 567 169 595 204
person 629 187 658 219
person 598 135 621 163
person 643 141 669 170
person 702 143 725 173
person 710 185 743 225
person 759 156 791 184
person 833 151 859 184
person 793 123 819 155
person 709 110 734 135
person 739 125 763 152
person 648 115 666 137
person 690 96 708 120
person 669 82 683 101
person 723 81 737 101
person 735 98 753 121
person 788 97 806 119
person 872 124 895 154
person 928 123 945 146
person 982 158 1005 185
person 718 62 734 78
person 734 50 750 68
person 756 73 776 90
person 777 66 792 83
person 799 58 814 75
person 794 72 807 88
person 814 88 833 106
person 785 84 801 100
person 828 64 840 82
person 836 61 850 80
person 852 73 866 93
person 864 70 878 86
person 857 98 876 123
person 870 92 886 109
person 885 70 899 92
person 906 99 926 123
person 920 85 935 101
person 924 67 941 86
person 950 111 965 131
person 961 68 979 91
person 993 85 1006 101
person 994 111 1006 130
person 988 101 1000 114
