person 796 61 806 80
person 832 71 847 91
person 866 69 883 90
person 928 75 947 99
person 987 78 1003 92
person 1012 76 1029 96
person 1036 79 1050 98
person 694 73 717 91
person 1089 85 1107 109
person 1140 90 1156 112
person 1122 100 1139 126
person 1153 99 1168 122
person 556 99 577 121
person 598 94 613 112
person 631 89 647 108
person 658 93 679 114
person 386 154 407 173
person 417 142 437 169
person 434 149 456 176
person 524 121 547 145
person 505 129 528 155
person 465 155 491 187
person 487 185 511 217
person 562 141 585 169
person 595 125 626 160
person 622 140 646 175
person 662 111 689 140
person 691 94 719 118
person 719 99 737 126
person 723 72 744 99
person 737 70 758 96
person 755 82 780 111
person 768 73 792 99
person 797 87 816 107
person 852 105 871 133
person 774 128 804 161
person 692 163 722 199
person 674 192 702 237
person 745 228 776 267
person 746 161 769 195
person 827 174 850 209
person 840 152 868 185
person 846 127 877 154
person 899 83 920 111
person 194 312 242 363
person 880 142 905 178
person 904 121 935 155
person 930 167 961 202
person 961 144 991 167
person 1001 115 1035 158
person 1030 144 1058 170
person 1053 124 1077 148
person 1060 156 1091 195
person 1082 148 1116 190
person 1160 137 1176 163
person 1144 157 1169 188
person 956 192 983 228
person 1001 157 1029 190
person 1022 193 1052 229
person 1147 200 1172 243
person 1010 256 1059 309
person 1098 288 1144 345
person 1112 122 1130 147
person 898 104 927 132
person 640 101 669 135
person 583 110 613 142
person 447 168 474 192
person 416 169 443 195
person 392 171 422 198
person 1031 107 1041 123
person 974 111 993 133
person 942 93 960 110
person 786 64 799 77
person 1066 105 1084 131
person 1080 93 1094 121
