person 64 192 86 221
person 274 136 291 159
person 282 148 305 168
person 341 115 355 136
person 360 113 376 131
person 380 103 395 125
person 403 102 416 121
person 371 125 388 144
person 361 144 385 170
person 410 140 428 161
person 421 146 447 171
person 418 115 434 135
person 438 99 454 121
person 470 100 487 120
person 482 81 497 97
person 503 82 516 100
person 510 70 524 85
person 518 79 531 95
person 497 104 511 123
person 488 124 512 147
person 475 125 493 145
person 531 97 550 118
person 536 89 552 108
person 566 98 585 123
person 577 82 594 104
person 600 60 614 77
person 595 76 611 94
person 608 89 624 107
person 621 75 634 93
person 629 61 641 77
person 642 59 656 82
person 654 72 670 90
person 677 58 693 75
person 672 69 691 90
person 713 54 727 73
person 774 59 788 75
person 804 64 817 80
person 821 68 836 91
person 880 78 898 98
person 894 77 913 100
person 943 81 957 97
person 936 90 952 112
person 842 85 857 105
person 806 83 821 102
person 746 75 761 93
person 721 76 736 96
person 732 92 752 117
person 757 90 776 110
person 772 100 793 125
person 807 104 828 135
person 880 108 900 136
person 945 108 958 130
person 959 120 979 141
person 964 135 987 161
person 891 165 918 198
person 888 146 912 177
person 809 137 834 169
person 756 140 782 170
person 741 113 759 136
person 713 135 733 161
person 685 106 702 125
person 683 93 701 113
person 650 110 668 132
person 581 131 603 153
person 639 143 657 161
person 610 157 633 182
person 658 164 685 195
person 518 155 546 185
