person 27 130 50 154
person 1 145 14 170
person 3 135 20 159
person 1 181 44 228
person 89 65 118 104
person 144 105 161 122
person 138 95 157 113
person 174 33 187 53
person 186 54 198 71
person 194 51 206 67
person 208 49 221 66
person 221 56 232 71
person 220 47 232 61
person 230 52 240 64
person 241 56 258 72
person 242 51 254 61
person 242 43 254 53
person 259 42 271 55
person 269 51 281 65
person 263 53 274 67
person 175 93 191 111
person 33 221 74 269
person 80 223 131 270
person 135 202 191 269
person 162 233 218 270
person 230 204 286 258
person 277 232 335 270
person 344 218 400 268
person 318 207 361 250
person 290 186 338 241
person 358 176 398 222
person 325 147 354 172
person 346 132 370 161
person 323 127 344 149
person 319 110 341 133
person 308 117 326 139
person 314 106 331 121
person 315 95 332 111
person 287 104 305 123
person 276 81 292 96
person 290 87 309 104
person 307 77 326 92
person 314 89 330 104
person 293 51 307 67
person 282 42 292 56
person 260 115 281 140
person 238 122 261 147
person 239 145 272 172
person 229 117 247 140
person 218 107 235 128
person 234 106 251 124
person 235 88 251 109
person 218 98 233 114
person 218 87 232 102
person 192 90 207 107
person 200 86 216 105
person 261 90 277 109
person 237 79 247 91
person 338 80 356 100
person 348 101 367 127
person 360 96 375 115
person 383 60 396 76
person 384 47 398 64
person 377 39 386 51
person 367 37 379 52
person 360 50 377 67
person 333 55 350 72
person 324 52 334 64
person 314 61 327 79
person 304 44 317 61
person 289 37 301 52
person 315 33 327 49
person 325 41 336 54
person 339 44 350 55
person 347 39 357 51
person 387 30 398 46
