person 59 438 144 561
person 100 500 206 612
person 260 442 333 531
person 321 285 353 327
person 473 327 508 363
person 472 301 508 337
person 365 469 461 577
person 502 437 569 519
person 495 377 552 443
person 603 434 676 516
person 663 456 746 558
person 634 396 695 457
person 722 383 777 445
person 764 377 809 438
person 798 435 875 530
person 792 408 852 466
person 823 353 862 395
person 865 369 918 425
person 875 412 936 470
person 962 411 1046 518
person 944 376 985 423
person 1019 380 1071 443
person 1055 402 1136 484
person 1194 378 1257 445
person 1248 385 1280 448
