person 233 305 278 363
person 324 175 344 199
person 342 175 361 197
person 369 175 395 203
person 394 188 423 218
person 382 144 406 169
person 421 143 441 164
person 473 164 498 197
person 497 182 525 218
person 497 148 522 177
person 545 141 573 168
person 524 115 543 145
person 502 121 522 144
person 550 102 574 125
person 579 105 597 127
person 578 93 594 110
person 582 146 611 179
person 592 133 614 158
person 602 87 623 110
person 625 126 652 153
person 643 82 661 101
person 650 91 669 114
person 667 119 692 145
person 686 90 706 111
person 693 105 714 125
person 726 93 750 121
person 729 66 745 88
person 771 90 789 113
person 761 78 776 93
person 802 74 820 94
person 827 75 847 97
person 807 107 832 135
person 773 132 799 164
person 683 164 721 200
person 602 187 641 229
person 671 194 711 237
person 741 158 776 198
person 807 164 841 202
person 814 133 841 166
person 859 97 881 125
person 883 112 902 134
person 889 142 915 170
person 857 191 897 243
person 891 188 926 230
person 937 223 972 273
person 938 143 965 171
person 913 116 937 147
person 900 94 922 118
person 937 110 959 138
person 931 92 953 111
person 959 79 979 105
person 971 134 995 162
person 981 182 1011 223
person 1063 206 1096 250
person 1073 156 1099 195
person 1026 145 1054 177
person 1006 113 1021 135
person 998 83 1018 110
person 1020 97 1042 123
person 1041 86 1058 111
person 1085 91 1102 114
person 1051 121 1071 147
person 1084 134 1107 162
person 1100 125 1118 151
person 1131 177 1159 212
