person 18 297 122 406
person 100 222 166 281
person 10 184 61 231
person 69 180 112 227
person 53 153 86 182
person 88 148 114 178
person 6 147 30 175
person 146 161 174 189
person 185 186 224 228
person 243 182 279 226
person 266 209 312 261
person 238 158 266 182
person 207 105 223 126
person 280 164 301 189
person 310 173 337 202
person 327 169 354 193
person 354 163 369 182
person 372 171 389 190
person 383 176 402 201
person 394 193 419 221
person 335 217 365 249
person 379 244 425 302
person 305 288 377 381
person 427 263 483 328
person 458 238 508 302
person 437 192 466 228
person 479 203 505 234
person 486 211 514 243
person 501 194 529 223
person 545 219 581 264
person 560 202 587 233
person 583 194 609 232
person 543 259 606 321
person 629 217 664 253
person 674 222 710 255
person 747 282 805 334
person 748 246 792 278
person 779 231 821 274
