person 414 109 444 142
person 375 124 395 149
person 383 111 400 129
person 373 96 390 118
person 369 89 388 106
person 336 98 355 121
person 413 92 431 111
person 415 82 430 95
person 447 81 460 95
person 451 85 467 103
person 462 91 479 114
person 459 115 477 142
person 471 82 485 98
person 461 70 473 82
person 473 72 485 86
person 483 65 495 80
person 493 97 511 123
person 510 84 526 104
person 532 86 549 111
person 529 98 544 121
person 545 127 570 153
person 531 75 546 89
person 563 60 578 72
person 572 37 587 55
person 595 37 606 50
person 611 62 625 80
person 575 67 587 81
person 579 76 592 93
person 566 87 582 105
person 643 70 656 85
person 669 63 682 81
person 691 58 703 73
person 631 102 649 126
person 654 98 670 121
person 588 132 616 155
person 620 153 643 182
person 646 171 675 210
person 696 150 722 182
person 691 97 708 121
person 688 81 703 99
person 705 77 720 96
person 720 85 736 106
person 734 70 745 88
person 741 86 755 104
person 731 103 746 124
person 736 126 754 152
person 766 65 779 85
person 784 84 797 100
person 767 95 779 115
person 765 118 781 136
person 813 93 826 111
person 826 80 838 98
person 845 95 858 113
person 853 86 864 106
person 818 114 832 134
person 796 134 818 156
person 854 146 874 173
person 867 128 884 155
person 875 106 891 132
person 884 99 898 122
person 835 168 860 199
person 897 158 915 189
person 921 119 934 138
person 929 110 944 132
person 920 95 934 114
person 920 89 931 104
