person 52 55 111 118
person 14 84 34 103
person 1 69 14 86
person 17 62 30 75
person 29 63 42 78
person 41 60 51 72
person 44 71 57 86
person 103 71 118 91
person 118 80 138 100
person 143 71 156 88
person 130 69 143 82
person 138 60 149 74
person 168 60 178 72
person 179 70 193 85
person 201 70 215 84
person 204 61 213 73
person 182 93 202 119
person 196 103 223 132
person 191 126 232 172
person 249 156 299 209
person 267 102 286 131
person 251 87 270 107
person 258 77 274 96
person 234 72 246 91
person 213 82 230 102
person 278 75 289 90
person 303 80 317 94
person 316 88 333 108
person 318 75 329 89
person 320 117 352 155
person 343 79 357 97
person 368 91 384 114
person 390 88 405 104
person 386 139 420 183
person 413 94 428 114
person 421 89 437 104
person 454 90 468 107
