person 191 184 229 231
person 317 124 334 150
person 346 99 367 119
person 421 108 439 131
person 428 95 444 113
person 421 81 440 99
person 448 94 472 115
person 453 117 476 140
person 479 121 507 150
person 508 91 528 114
person 468 85 486 103
person 468 74 484 87
person 535 83 548 102
person 540 72 555 89
person 559 61 572 78
person 571 80 590 99
person 560 99 578 119
person 595 83 611 104
person 611 71 626 92
person 599 63 614 81
person 628 52 641 71
person 646 81 663 100
person 638 73 653 91
person 649 62 661 77
person 657 54 667 69
person 663 74 676 92
person 667 62 678 77
person 678 57 690 73
person 512 82 525 93
person 701 62 716 79
person 718 65 730 80
person 682 91 702 111
person 637 99 659 128
person 588 129 610 154
person 504 156 534 186
person 596 152 624 185
person 615 163 647 199
person 633 133 653 162
person 673 135 695 163
person 668 167 698 209
person 689 206 729 243
person 680 112 701 137
person 718 88 739 114
person 743 93 765 120
person 745 117 765 149
person 766 63 781 83
person 771 81 787 105
person 784 70 796 87
person 797 71 811 92
person 810 77 827 100
person 804 106 822 135
person 784 103 800 123
person 827 146 853 178
person 818 142 835 167
person 820 186 855 228
person 897 234 933 275
person 905 204 933 238
person 863 158 892 192
person 875 150 897 177
person 869 121 889 143
person 902 122 919 151
person 911 121 928 145
person 925 138 948 166
person 944 153 964 180
person 944 126 963 152
person 929 94 943 113
person 936 87 948 102
person 955 91 969 110
person 957 117 971 135
person 910 100 925 122
person 886 100 900 121
person 895 82 911 105
person 868 103 887 123
person 833 106 851 133
person 842 93 858 112
person 862 82 875 100
