person 997 86 1008 100
person 993 99 1006 117
person 989 109 1003 132
person 1033 109 1049 128
person 1026 119 1040 142
person 1024 131 1041 151
person 1014 144 1035 174
person 974 137 996 162
person 974 126 996 151
person 948 106 965 127
person 957 96 972 116
person 935 88 949 108
person 856 78 868 98
person 883 81 894 101
person 898 83 911 100
person 833 76 847 98
person 862 90 874 107
person 869 100 883 121
person 918 96 931 115
person 911 104 924 123
person 990 208 1016 246
person 915 130 937 156
person 875 119 897 147
person 901 146 927 178
person 865 162 892 196
person 832 114 848 142
person 842 144 865 172
person 802 137 827 167
person 797 100 816 122
person 801 85 819 108
person 777 108 797 133
person 825 199 855 238
person 754 180 788 218
person 752 148 774 177
person 775 66 790 86
person 752 67 765 83
person 742 75 756 94
person 719 105 737 129
person 705 93 720 115
person 714 88 731 107
person 701 73 712 88
person 713 72 724 86
person 693 68 703 80
person 683 80 698 98
person 632 80 647 98
person 655 94 667 113
person 663 92 680 116
person 621 94 637 114
person 603 82 616 100
person 604 76 618 94
person 590 93 606 113
person 612 110 628 133
person 573 104 591 126
person 562 91 577 108
person 529 88 544 106
person 530 82 542 99
person 549 76 560 91
person 540 106 558 127
person 650 130 671 160
person 710 138 730 166
person 694 144 718 173
person 470 93 480 109
person 486 92 499 113
person 455 97 471 115
person 455 110 472 129
person 485 117 503 139
person 506 119 525 142
person 482 141 503 169
person 448 137 470 162
person 411 105 427 124
person 434 122 453 146
person 410 135 430 161
person 401 123 420 144
person 384 129 405 154
person 381 116 399 134
person 385 103 398 122
person 364 129 380 150
person 323 124 340 147
person 318 142 332 165
person 103 214 144 261
