person 155 216 207 265
person 314 122 334 144
person 326 138 346 162
person 339 124 361 144
person 338 103 357 124
person 357 109 374 132
person 382 117 400 138
person 384 134 403 159
person 395 134 417 162
person 402 112 423 137
person 426 137 452 169
person 454 123 476 151
person 456 98 474 119
person 442 94 460 117
person 433 84 450 100
person 462 87 478 105
person 490 100 512 123
person 502 121 525 146
person 520 106 539 129
person 510 87 525 104
person 500 78 512 92
person 512 75 523 90
person 531 66 547 87
person 529 83 544 101
person 553 86 570 106
person 554 70 567 87
person 566 73 582 90
person 570 88 586 107
person 580 102 597 122
person 584 86 600 105
person 605 90 624 114
person 620 77 637 95
person 609 70 623 84
person 628 65 645 82
person 655 66 671 88
person 664 58 677 75
person 645 86 662 111
person 701 72 713 89
person 679 70 694 87
person 691 54 707 74
person 716 64 730 84
person 748 61 764 79
person 697 93 720 118
person 653 118 675 149
person 648 142 676 176
person 582 137 611 170
person 560 171 593 207
person 501 151 532 188
person 612 188 643 226
person 678 186 714 234
person 704 147 730 181
person 745 132 770 161
person 765 157 789 189
person 781 178 812 210
person 761 225 806 272
person 853 231 883 269
person 901 229 934 277
person 874 183 906 220
person 901 154 925 187
person 944 187 975 228
person 963 165 986 197
person 918 126 944 154
person 971 127 989 156
person 836 137 862 163
person 831 126 854 149
person 797 138 822 164
person 778 115 801 138
person 743 104 764 127
person 732 89 752 111
person 758 84 776 106
person 781 72 797 94
person 811 87 828 105
person 819 74 835 92
person 846 88 860 106
