person 137 345 188 401
person 267 227 287 249
person 290 260 318 288
person 324 249 352 285
person 330 213 352 236
person 393 235 423 270
person 375 222 397 249
person 416 221 439 243
person 418 202 437 222
person 460 175 480 196
person 481 224 509 251
person 446 228 476 260
person 523 221 548 251
person 507 206 531 229
person 481 200 504 224
person 484 181 504 202
person 507 174 524 195
person 519 184 540 212
person 552 207 579 237
person 558 177 581 203
person 553 159 571 180
person 602 172 628 199
person 589 222 621 253
person 625 181 645 211
person 652 166 670 193
person 666 189 685 213
person 688 177 709 199
person 665 149 679 167
person 681 144 697 166
person 684 161 704 182
person 718 167 738 188
person 735 137 751 159
person 752 137 769 159
person 758 166 780 190
person 745 156 765 176
person 803 139 822 156
person 809 158 830 180
person 823 146 842 169
person 803 181 822 205
person 561 266 600 312
person 635 235 669 272
person 622 280 666 325
person 696 294 737 344
person 749 295 796 349
person 721 240 757 279
person 714 212 742 245
person 754 194 780 227
person 771 229 796 259
person 781 237 814 276
person 815 207 836 236
person 841 200 864 228
person 846 166 864 191
person 823 237 850 272
person 858 265 893 303
person 829 350 875 402
person 959 382 1003 439
person 916 277 955 320
person 1001 306 1040 350
person 883 166 904 190
person 898 160 913 182
person 933 186 953 213
person 928 177 945 198
person 943 175 961 200
person 939 162 955 183
person 972 160 992 186
person 988 179 1010 206
person 979 197 997 219
person 995 223 1018 253
person 976 236 1005 273
person 1024 262 1060 302
person 1084 296 1120 342
person 1107 237 1132 274
person 1111 214 1130 242
person 1122 202 1142 228
person 1130 192 1149 215
person 1060 172 1076 194
person 1016 173 1034 196
person 1031 181 1053 208
person 1012 217 1038 248
person 1045 224 1069 258
person 1066 214 1088 243
person 1078 201 1098 224
