person 160 142 198 186
person 280 99 298 118
person 330 86 345 102
person 338 74 354 94
person 353 91 371 110
person 374 95 390 113
person 375 84 389 102
person 380 70 395 86
person 361 125 383 149
person 350 121 369 144
person 397 92 415 114
person 399 73 414 89
person 405 77 421 93
person 414 82 429 100
person 430 102 449 125
person 425 59 436 73
person 439 59 450 73
person 455 85 472 104
person 465 75 482 94
person 484 86 500 107
person 497 76 510 94
person 490 63 503 78
person 502 60 517 78
person 522 75 537 94
person 433 35 445 45
person 489 26 500 36
person 523 52 538 68
person 530 71 544 81
person 565 57 574 69
person 568 47 579 60
person 612 52 626 67
person 630 51 642 66
person 658 26 671 42
person 523 120 543 145
person 540 136 565 167
person 541 115 566 144
person 570 94 588 118
person 596 85 614 106
person 637 81 654 101
person 641 72 655 89
person 652 66 665 82
person 657 75 670 93
person 666 93 685 115
person 673 119 691 143
person 644 134 672 164
person 690 73 704 93
person 699 81 715 101
person 704 96 722 116
person 713 73 724 90
person 705 61 718 81
person 732 77 750 99
person 766 49 783 69
person 789 88 803 106
person 805 86 819 107
person 789 115 807 140
person 780 128 801 156
person 756 125 776 152
person 752 104 768 126
person 752 152 781 184
person 808 134 827 161
person 815 149 838 180
person 838 109 853 132
person 846 86 860 107
person 846 60 861 81
person 835 56 848 76
person 815 62 829 81
