person 17 266 49 302
person 278 224 300 247
person 312 225 339 256
person 344 237 372 267
person 349 199 368 224
person 404 238 433 268
person 433 191 449 212
person 458 230 480 257
person 450 213 471 236
person 497 224 520 250
person 533 219 563 254
person 531 201 558 228
person 520 185 542 209
person 496 192 516 217
person 488 181 505 200
person 472 169 489 189
person 569 198 594 224
person 558 159 574 180
person 570 155 592 178
person 603 173 625 194
person 620 181 646 207
person 630 163 646 180
person 649 174 669 196
person 674 185 697 212
person 669 147 687 164
person 685 169 704 187
person 699 159 715 176
person 693 144 708 161
person 732 158 751 181
person 734 144 751 164
person 743 130 761 150
person 764 141 779 159
person 776 150 793 168
person 785 161 802 182
person 794 153 813 172
person 800 139 815 159
person 816 146 832 168
person 832 150 851 168
person 604 248 636 291
person 625 214 653 242
person 652 264 690 302
person 645 245 681 276
person 719 209 752 243
person 727 246 762 280
person 733 278 774 318
person 800 290 845 340
person 848 314 899 372
person 786 216 812 246
person 767 200 789 225
person 816 173 836 200
person 852 169 871 192
person 879 180 901 205
person 833 220 862 255
person 798 234 831 273
person 891 260 924 296
person 949 258 987 298
person 980 243 1009 276
person 1035 273 1067 304
person 1014 295 1062 342
person 1006 334 1046 382
person 1091 302 1125 347
person 1111 257 1138 293
person 1120 231 1149 267
person 1114 204 1139 232
person 1135 185 1155 207
person 1082 184 1105 213
person 1057 204 1081 235
person 1045 227 1072 261
person 981 217 1010 244
person 990 197 1012 222
person 929 183 953 212
person 904 174 925 198
person 902 145 924 166
person 941 165 959 187
person 948 146 973 170
person 980 157 1002 182
person 1024 163 1043 190
person 1038 187 1057 212
person 1045 175 1063 194
person 1064 162 1082 187
