person 30 134 52 156
person 52 117 68 134
person 67 140 84 159
person 76 121 90 138
person 90 137 108 157
person 119 139 137 158
person 107 122 121 138
person 93 112 108 128
person 108 104 120 120
person 126 111 138 125
person 131 122 146 139
person 136 108 148 122
person 150 111 162 126
person 142 134 156 155
person 168 135 186 157
person 160 123 174 140
person 169 108 182 123
person 158 101 172 117
person 181 98 196 111
person 183 113 197 129
person 187 130 198 144
person 199 137 215 156
person 214 116 229 134
person 208 112 221 125
person 199 101 212 117
person 216 100 227 114
person 228 106 240 122
person 238 133 254 156
person 242 112 255 128
person 243 101 254 114
person 253 110 265 124
person 260 119 271 134
person 268 134 286 154
person 280 116 292 135
person 282 108 294 120
person 265 103 277 115
person 295 101 308 117
person 292 114 306 131
person 298 140 313 159
person 323 135 338 153
person 343 133 360 151
person 359 123 375 141
person 347 118 361 134
person 335 119 347 136
person 309 121 324 138
person 322 116 335 132
person 310 112 321 124
