person 5 122 80 194
person 29 85 69 124
person 27 55 52 77
person 75 53 95 78
person 92 49 121 78
person 172 102 220 148
person 170 69 199 101
person 141 58 162 82
person 150 44 174 67
person 175 23 197 50
person 214 62 234 90
person 218 46 234 65
person 234 52 247 69
person 243 47 255 61
person 260 52 274 70
person 264 70 295 100
person 304 73 330 97
person 295 56 312 77
person 282 50 294 68
person 305 44 320 60
person 320 55 336 72
person 351 50 367 68
person 371 62 391 86
person 391 54 409 76
person 378 50 392 69
person 301 155 411 274
person 354 124 418 199
person 394 86 438 136
person 443 77 480 114
person 472 67 499 93
person 460 59 482 87
