person 30 304 87 368
person 270 154 285 174
person 286 155 305 177
person 304 151 327 174
person 329 158 349 179
person 355 156 378 178
person 323 134 342 152
person 359 128 377 149
person 385 123 403 143
person 416 161 443 194
person 398 119 415 140
person 408 115 424 130
person 434 125 452 148
person 468 127 490 149
person 491 130 512 158
person 488 108 506 128
person 462 113 482 131
person 450 98 469 118
person 428 100 441 116
person 481 92 497 105
person 479 80 489 95
person 504 94 518 110
person 502 84 512 95
person 514 77 524 89
person 533 95 549 109
person 560 78 577 95
person 576 87 592 109
person 602 95 619 117
person 613 84 625 102
person 592 61 604 77
person 618 70 631 84
person 654 77 672 100
person 629 56 643 70
person 647 69 659 82
person 658 58 670 72
person 675 68 689 83
person 680 58 696 72
person 707 64 722 81
person 731 53 745 73
person 505 170 531 203
person 566 156 601 195
person 539 124 560 148
person 514 120 533 143
person 596 136 619 164
person 637 119 662 146
person 649 141 673 168
person 622 197 659 237
person 701 184 741 231
person 690 140 716 171
person 699 114 723 140
person 693 97 713 121
person 724 82 745 102
person 743 95 762 121
person 739 80 756 98
person 754 74 769 95
person 742 122 767 150
person 754 155 780 189
person 821 163 852 198
person 803 126 826 159
person 778 108 802 135
person 782 91 801 115
person 791 73 810 97
person 779 65 795 92
person 794 56 811 77
person 807 65 826 87
person 807 89 824 112
person 843 75 857 95
person 842 66 858 82
person 858 69 874 89
person 847 96 867 119
person 868 95 881 115
person 879 74 896 95
person 893 100 910 125
person 900 84 918 106
person 912 121 932 146
person 941 113 958 132
person 970 157 993 192
person 978 108 996 132
person 988 91 1003 111
person 946 93 962 114
person 955 74 973 94
person 913 79 931 97
person 920 69 935 87
