person 44 213 64 238
person 262 149 275 163
person 283 155 299 168
person 306 147 323 168
person 333 147 348 170
person 347 153 364 174
person 337 124 353 140
person 367 131 385 148
person 371 118 386 131
person 386 111 400 125
person 405 105 418 124
person 419 111 436 128
person 403 132 419 151
person 380 155 399 177
person 411 162 435 186
person 455 131 475 153
person 469 107 483 124
person 486 114 502 129
person 494 131 514 151
person 508 107 528 128
person 487 82 501 94
person 522 93 536 112
person 512 77 523 89
person 552 114 569 137
person 562 93 577 110
person 594 96 612 115
person 597 69 609 84
person 615 79 627 95
person 628 66 639 80
person 649 65 660 79
person 648 81 660 95
person 676 78 688 94
person 676 66 686 77
person 717 64 731 80
person 507 167 534 197
person 592 160 618 192
person 600 118 625 152
person 655 134 674 160
person 671 113 685 131
person 686 117 708 144
person 696 147 718 174
person 648 180 685 210
person 725 108 741 125
person 721 86 735 102
person 750 85 764 100
person 770 102 788 123
person 741 132 759 152
person 757 163 779 190
person 802 122 819 150
person 803 95 820 112
person 790 78 805 97
person 808 74 823 90
person 832 79 846 97
person 854 72 865 87
person 883 79 896 98
person 860 100 876 121
person 823 112 841 136
person 876 122 893 143
person 810 165 835 194
person 887 172 914 204
person 903 144 926 171
person 990 146 1012 178
person 975 132 994 164
person 954 108 973 129
person 945 98 958 111
person 945 86 957 100
person 897 103 914 123
person 905 92 920 107
