person 395 171 462 251
person 444 121 460 136
person 317 95 328 107
person 349 150 390 195
person 324 139 352 174
person 295 133 323 157
person 297 113 316 133
person 159 138 201 183
person 163 126 193 148
person 193 120 216 149
person 207 110 226 134
person 224 112 238 132
person 145 117 159 133
person 132 121 149 140
person 97 129 119 154
person 72 165 142 240
person 17 154 46 186
person 67 138 92 161
person 86 122 101 136
person 86 110 100 122
person 107 116 119 129
person 72 111 85 122
person 63 123 78 136
person 51 117 62 128
person 38 132 53 151
person 5 138 25 157
person 11 126 22 140
person 5 124 15 136
person 18 115 25 123
person 31 120 42 134
person 42 116 49 126
person 61 97 70 106
person 117 104 125 113
person 137 104 146 113
person 153 102 159 109
person 161 113 175 128
person 173 112 186 127
person 163 103 171 112
person 170 101 176 107
person 174 104 182 109
person 191 104 196 111
person 184 94 191 99
