person 176 262 230 319
person 346 139 367 164
person 375 140 397 167
person 443 149 469 181
person 436 119 457 143
person 463 124 485 149
person 463 100 482 120
person 488 104 510 126
person 481 81 494 95
person 506 76 521 92
person 548 117 570 139
person 548 75 564 92
person 575 79 595 97
person 599 83 617 104
person 685 136 711 166
person 746 146 772 178
person 723 73 742 101
person 737 75 755 94
person 750 83 772 103
person 778 65 792 85
person 793 60 811 81
person 845 92 867 115
person 845 66 861 88
person 916 117 939 144
person 813 145 846 179
person 998 222 1036 288
