person 2783 1602 3046 1936
person 2656 1492 2846 1685
person 2307 1414 2441 1585
person 2468 1375 2602 1558
person 2600 1314 2712 1458
person 2800 1363 2897 1465
person 2878 1329 2990 1458
person 2988 1114 3083 1212
person 2729 1133 2790 1229
person 2514 1151 2590 1233
person 2322 1148 2407 1229
person 2144 1138 2249 1233
person 1844 1121 1941 1236
person 1895 1133 1975 1236
person 1639 1080 1785 1265
person 1431 1058 1602 1275
person 997 1048 1236 1294
person 451 1014 795 1419
person 36 941 556 1575
person 280 670 449 902
person 19 599 136 733
person 34 565 107 653
person 5 531 51 604
person 19 499 53 551
person 261 612 346 712
person 344 548 402 629
person 451 629 534 707
person 453 677 556 799
person 629 694 717 794
person 785 690 844 772
person 819 782 949 972
person 966 848 1090 990
person 1156 912 1263 1031
person 939 758 1019 846
person 912 680 990 777
person 744 633 807 699
person 788 619 841 677
person 666 582 719 648
person 753 770 849 902
person 951 563 1000 626
person 1041 607 1105 665
person 1017 699 1063 777
person 1090 777 1163 863
person 1144 680 1200 748
person 1195 716 1246 799
person 1278 809 1334 875
person 1419 865 1497 943
person 1468 933 1566 1033
person 1612 987 1671 1065
person 1634 877 1690 953
person 1519 794 1578 868
person 1385 748 1429 816
person 1417 729 1471 782
person 1275 690 1334 746
person 1617 712 1668 770
person 1658 807 1712 885
person 1783 877 1856 977
person 1839 1002 1905 1094
person 2134 1016 2210 1102
person 2271 1021 2334 1099
person 2444 1029 2524 1107
person 2683 1036 2739 1114
person 2424 946 2466 1004
person 2217 929 2271 1004
person 2175 877 2217 931
person 2083 885 2129 953
person 2029 851 2068 907
person 2019 816 2075 863
person 2085 748 2129 792
person 1902 763 1936 814
person 1851 802 1907 855
person 1888 851 1956 921
person 1734 794 1780 851
person 1766 733 1810 780
