person 142 349 195 409
person 973 350 1014 407
person 845 321 893 377
person 762 317 801 369
person 690 290 730 338
person 604 320 643 359
person 573 253 609 293
person 391 246 420 279
person 343 239 369 272
person 310 226 334 259
person 258 243 280 269
person 355 200 376 227
person 425 202 447 225
person 422 226 445 255
person 491 224 519 253
person 492 199 513 223
person 470 183 490 205
person 493 182 511 204
person 527 182 547 205
person 519 165 536 190
person 526 208 548 234
person 557 223 582 252
person 558 181 576 202
person 595 183 614 206
person 640 179 658 204
person 637 237 668 269
person 720 241 744 282
person 549 166 567 186
person 673 188 690 212
person 634 171 645 188
person 631 159 648 179
person 652 166 666 189
person 570 161 586 179
person 672 152 688 169
person 693 150 707 166
person 687 182 704 204
person 698 162 713 184
person 723 165 739 188
person 730 140 744 160
person 759 144 774 162
person 725 157 742 173
person 775 168 791 189
person 791 146 804 164
person 798 153 814 177
person 722 210 749 244
person 762 206 785 230
person 781 227 806 257
person 771 263 801 297
person 839 235 864 265
person 895 267 927 306
person 934 291 967 336
person 822 210 846 237
person 811 187 829 213
person 821 151 840 172
person 858 163 875 187
person 853 198 875 226
person 895 167 912 192
person 904 159 920 182
person 930 178 945 199
person 947 174 963 199
person 949 162 965 183
person 914 205 934 233
person 986 164 1002 184
person 1022 175 1039 196
person 1040 177 1056 202
person 1058 171 1074 195
person 1089 186 1106 209
person 1134 176 1149 201
person 989 186 1004 206
person 992 203 1011 229
person 1027 209 1043 234
person 1081 216 1100 244
person 1135 207 1153 229
person 1115 208 1133 237
person 1128 230 1147 265
person 1110 267 1136 310
person 1055 242 1078 276
person 1000 226 1024 260
person 982 233 1008 266
person 1031 266 1060 297
person 1114 313 1148 362
person 1014 296 1049 337
