person 136 215 167 264
person 325 130 346 154
person 347 124 371 151
person 387 109 406 131
person 372 125 396 150
person 379 172 407 197
person 410 159 435 192
person 411 102 431 125
person 426 109 452 129
person 424 127 450 152
person 475 99 499 119
person 492 134 516 159
person 519 109 542 131
person 515 85 536 102
person 551 91 576 115
person 601 62 621 82
person 577 86 601 110
person 561 112 585 136
person 625 74 642 87
person 625 92 645 112
person 655 77 676 100
person 527 157 554 190
person 567 168 602 209
person 631 144 660 174
person 666 106 684 131
person 667 169 695 199
person 699 151 722 178
person 705 112 737 146
person 699 97 722 124
person 730 81 754 110
person 752 31 769 53
person 849 36 867 59
person 785 102 815 132
person 740 122 772 159
person 767 145 793 177
person 819 148 847 177
person 807 115 839 149
person 817 86 835 116
person 912 83 928 111
person 886 170 917 204
person 912 139 939 167
person 970 155 995 185
person 975 131 996 160
person 979 64 997 92
person 990 70 1011 100
