person 154 263 202 313
person 276 146 297 170
person 362 106 381 130
person 409 121 432 144
person 380 138 408 168
person 456 120 483 145
person 425 90 440 106
person 522 68 537 87
person 548 70 565 86
person 574 57 587 73
person 579 72 590 89
person 594 66 608 83
person 571 100 590 120
person 625 82 640 104
person 668 57 683 78
person 714 48 730 66
person 736 41 751 61
person 712 80 733 108
person 702 85 720 110
person 666 94 686 118
person 665 117 691 149
person 611 140 644 170
person 554 135 580 165
person 546 180 573 215
person 487 168 518 204
person 657 173 694 217
person 725 146 752 184
person 752 69 778 98
person 776 118 801 149
person 780 150 808 187
person 761 168 790 217
person 794 196 839 244
person 895 195 937 241
person 898 171 932 208
person 847 155 875 192
person 821 127 849 157
person 821 66 837 86
person 848 76 860 94
person 857 66 871 82
person 881 74 896 92
person 921 78 936 97
person 947 88 961 103
