person 11 275 38 308
person 282 225 299 248
person 316 227 338 255
person 348 201 366 222
person 347 240 372 268
person 410 240 434 269
person 434 192 452 212
person 453 215 471 236
person 460 232 478 253
person 473 171 490 189
person 489 183 506 201
person 497 195 515 216
person 498 224 522 249
person 525 189 540 205
person 520 177 533 189
person 537 202 561 223
person 538 225 564 249
person 559 160 575 177
person 573 158 587 170
person 585 200 603 218
person 608 175 624 194
person 633 166 649 179
person 627 187 644 203
person 675 189 696 209
person 649 178 666 193
person 686 170 705 188
person 698 158 714 174
person 695 148 710 161
person 674 149 688 164
person 737 145 752 162
person 747 134 761 148
person 764 144 780 158
person 801 145 815 160
person 818 147 832 167
person 834 149 849 166
person 819 172 839 197
person 784 161 802 180
person 739 167 755 185
person 725 215 756 242
person 606 255 636 289
person 653 262 681 295
person 649 244 676 273
person 631 214 651 234
person 737 284 767 318
person 728 250 764 278
person 800 240 829 272
person 788 223 813 244
person 771 207 793 225
person 805 290 844 334
person 839 315 886 364
person 886 258 912 290
person 835 226 857 252
person 952 264 983 297
person 856 173 871 192
person 872 181 892 204
person 897 163 913 182
person 905 146 921 164
person 910 179 924 198
person 934 182 950 210
person 942 171 960 192
person 951 150 967 170
person 986 161 1001 181
person 993 199 1011 223
person 983 226 1002 248
person 982 249 1004 274
person 1006 331 1042 375
person 1020 302 1049 336
person 1094 302 1126 342
person 1041 277 1063 301
person 1113 260 1138 291
person 1047 228 1071 256
person 1061 208 1080 230
person 1125 237 1147 259
person 1120 207 1136 224
person 1137 200 1149 218
person 1140 188 1153 204
person 1083 189 1100 211
person 1040 187 1056 209
person 1048 174 1062 191
person 1064 164 1079 181
person 1025 170 1039 188
