person 47 193 81 227
person 215 135 232 151
person 239 130 254 146
person 257 124 270 139
person 263 109 275 121
person 294 127 309 144
person 336 139 352 156
person 316 101 327 113
person 332 104 346 116
person 340 94 349 104
person 349 82 360 94
person 363 102 376 117
person 383 91 395 102
person 362 89 373 100
person 392 81 402 93
person 412 106 428 122
person 384 105 399 119
person 422 93 434 106
person 409 91 423 104
person 412 76 423 87
person 400 72 411 85
person 390 70 400 80
person 421 59 432 70
person 448 98 465 112
person 431 85 443 97
person 446 75 455 87
person 458 62 469 72
person 470 76 481 89
person 493 79 506 93
person 474 65 483 74
person 487 53 496 65
person 500 70 512 83
person 507 57 518 71
person 518 45 527 56
person 533 46 543 57
person 540 65 552 80
person 524 65 535 76
person 556 57 569 71
person 565 47 574 58
person 549 59 556 67
person 420 131 441 153
person 484 110 498 129
person 478 136 502 156
person 517 154 538 180
person 577 154 600 181
person 573 119 596 141
person 520 114 539 138
person 522 94 538 109
person 562 80 576 96
person 570 97 585 118
person 607 100 623 121
person 609 139 628 161
person 672 139 689 163
person 650 100 669 121
person 640 80 654 98
person 657 73 669 89
person 603 80 617 98
person 585 68 597 82
person 591 55 602 68
person 586 47 598 59
person 612 66 625 80
person 633 55 645 70
person 647 58 660 72
person 660 57 670 70
person 676 58 686 69
person 655 46 666 58
person 692 59 703 73
person 703 57 713 70
person 722 65 734 79
person 730 88 743 102
person 697 77 710 94
person 706 107 725 126
person 755 104 770 125
person 794 130 812 154
person 800 88 814 107
person 803 74 812 85
person 774 78 785 92
person 778 59 791 75
person 766 87 779 103
person 758 62 768 74
