person 1057 176 1071 197
person 1140 184 1153 203
person 1087 187 1101 210
person 1029 179 1043 201
person 1040 188 1054 210
person 1036 206 1055 232
person 1076 218 1094 246
person 1137 208 1152 230
person 1131 228 1149 255
person 1128 237 1148 265
person 1058 250 1077 276
person 1072 271 1098 307
person 1042 262 1065 294
person 1101 308 1132 352
person 1013 294 1041 330
person 1003 330 1036 374
person 936 293 965 331
person 981 245 1001 278
person 990 203 1010 228
person 987 167 1002 187
person 997 184 1013 204
person 940 194 956 220
person 908 159 922 177
person 901 165 915 186
person 952 166 967 189
person 895 181 910 204
person 882 193 899 219
person 1009 238 1027 266
person 860 174 875 197
person 837 154 851 173
person 809 150 821 170
person 826 156 837 176
person 827 179 844 202
person 770 172 785 192
person 829 217 849 245
person 841 234 863 269
person 768 197 790 226
person 785 223 812 251
person 744 140 756 158
person 775 155 788 173
person 732 171 746 189
person 671 157 684 174
person 695 153 709 172
person 705 165 718 183
person 702 177 716 201
person 728 216 748 244
person 739 246 764 280
person 676 189 692 215
person 614 177 630 200
person 641 176 658 199
person 621 211 637 237
person 576 189 588 207
person 559 171 574 191
person 540 176 553 192
person 526 189 544 212
person 497 205 513 225
person 499 189 515 209
person 528 208 547 233
person 574 206 593 231
person 535 232 558 265
person 602 253 632 296
person 438 198 451 220
person 436 222 451 244
person 478 179 495 200
person 475 225 492 251
person 497 231 517 258
person 347 209 364 232
person 351 245 372 275
person 375 265 403 296
person 278 232 295 256
person 288 271 313 293
person 861 329 897 381
person 884 261 914 301
person 804 252 832 297
person 807 284 842 329
person 746 280 777 325
person 657 265 686 310
person 195 309 248 379
person 925 177 938 194
person 942 176 958 198
