person 197 265 235 311
person 257 155 274 172
person 280 160 294 175
person 303 156 321 173
person 303 177 327 199
person 321 135 337 150
person 365 123 382 141
person 370 131 387 149
person 381 163 405 185
person 415 148 439 175
person 386 110 401 126
person 403 107 418 123
person 401 126 418 143
person 432 112 448 131
person 453 134 471 156
person 475 109 490 128
person 464 98 479 115
person 494 129 515 154
person 486 84 498 98
person 506 80 519 91
person 503 91 515 105
person 512 110 529 129
person 544 114 562 131
person 563 94 581 114
person 514 86 528 99
person 600 97 617 119
person 592 84 606 99
person 597 67 609 81
person 628 69 640 82
person 629 82 644 99
person 651 67 665 83
person 653 78 668 95
person 667 76 686 93
person 715 66 728 81
person 585 131 608 162
person 602 159 630 190
person 532 170 559 202
person 657 167 686 200
person 633 136 661 168
person 675 113 691 134
person 706 116 725 136
person 727 84 744 105
person 751 84 765 103
person 758 99 774 119
person 771 110 790 134
person 744 130 764 152
person 710 146 734 176
person 755 152 780 181
person 798 130 822 155
person 818 112 837 137
person 818 91 835 110
person 799 79 814 99
person 813 74 828 90
person 780 67 794 82
person 835 87 847 100
person 847 97 862 114
person 884 87 897 102
person 898 93 913 110
person 895 108 911 127
person 885 122 905 147
person 948 91 962 109
person 942 110 958 128
person 974 137 993 157
person 974 151 996 176
person 884 156 912 185
person 884 186 913 220
person 810 164 842 195
