person 43 245 94 307
person 55 222 83 249
person 1 227 27 271
person 19 211 36 228
person 11 198 24 211
person 1 201 14 213
person 1 192 14 204
person 21 193 33 206
person 19 189 26 198
person 37 190 47 199
person 41 193 53 203
person 48 202 61 217
person 56 187 66 197
person 69 204 80 215
person 75 199 85 210
person 68 194 75 202
person 73 185 84 197
person 88 189 99 201
person 82 222 109 255
person 120 228 146 258
person 122 215 141 230
person 142 206 157 222
person 144 193 154 205
person 164 213 181 230
person 166 196 178 209
person 182 209 206 233
person 174 227 205 264
person 172 259 219 307
person 191 280 295 332
person 280 234 326 294
person 244 226 283 276
person 243 215 263 241
person 245 203 264 221
person 223 204 239 221
person 214 197 226 206
person 220 160 229 168
person 372 266 450 332
person 372 218 421 272
person 349 202 369 225
person 314 223 341 261
person 286 223 312 246
person 267 213 284 232
person 289 204 303 222
person 305 209 317 224
person 317 211 331 226
person 400 197 419 220
