person 80 171 104 196
person 136 202 181 249
person 261 146 279 164
person 277 144 295 166
person 350 135 371 159
person 391 144 412 168
person 372 105 388 124
person 399 123 417 143
person 404 105 415 121
person 413 112 426 126
person 413 97 426 112
person 440 122 459 145
person 439 110 458 130
person 455 83 471 99
person 474 87 491 110
person 496 105 514 126
person 488 99 503 116
person 510 85 523 100
person 528 90 545 107
person 531 103 550 127
person 526 71 540 87
person 538 72 554 92
person 555 89 573 108
person 574 73 589 90
person 568 57 581 74
person 559 40 575 53
person 604 37 615 50
person 592 88 609 108
person 592 76 606 90
person 599 66 610 78
person 609 58 620 72
person 631 54 642 69
person 658 54 669 69
person 659 70 673 86
person 666 62 679 80
person 678 57 689 72
person 716 54 731 70
person 622 78 640 101
person 504 158 529 194
person 518 176 544 208
person 560 141 586 169
person 613 116 634 139
person 614 143 637 174
person 623 158 652 188
person 674 164 711 205
person 667 116 688 141
person 699 98 721 122
person 754 174 791 219
person 796 217 837 264
person 757 121 779 150
person 757 95 778 122
person 790 104 812 128
person 794 84 813 105
person 818 68 834 90
person 838 77 854 96
person 847 73 863 91
person 861 70 876 93
person 883 70 899 89
person 873 83 890 104
person 884 104 903 127
person 898 98 918 125
person 837 108 862 134
person 806 154 831 186
person 776 148 801 181
person 839 169 868 205
person 819 143 844 171
person 923 227 963 273
person 911 168 944 208
person 881 147 902 172
person 935 150 956 178
person 940 131 963 154
person 940 104 962 130
person 945 85 963 105
person 921 80 935 95
person 979 63 991 81
