person 2 186 32 233
person 6 176 28 199
person 39 175 70 206
person 37 159 58 178
person 59 147 80 171
person 87 161 112 191
person 106 160 128 182
person 113 152 132 172
person 227 152 246 174
person 258 107 273 125
person 228 232 287 290
person 234 192 277 238
person 250 173 279 206
person 257 154 284 184
person 298 154 318 181
person 314 158 337 186
person 332 169 363 204
person 351 195 393 238
person 419 222 478 286
person 443 166 466 194
person 417 161 439 186
person 395 150 416 174
person 441 155 463 177
person 468 164 494 186
person 486 181 500 208
