person 33 221 76 267
person 261 162 285 182
person 298 149 316 172
person 310 140 329 167
person 316 163 336 185
person 344 161 368 186
person 415 165 441 194
person 331 122 349 143
person 354 122 373 144
person 378 123 394 144
person 397 128 415 151
person 403 111 425 133
person 424 95 441 116
person 443 93 461 118
person 460 105 479 128
person 433 122 454 146
person 446 134 469 158
person 502 128 523 154
person 484 112 502 135
person 474 95 492 109
person 468 79 486 97
person 491 85 510 109
person 506 74 520 90
person 525 81 541 98
person 544 85 560 104
person 527 96 546 119
person 563 111 583 133
person 604 86 622 108
person 577 82 596 105
person 558 73 577 94
person 597 59 616 75
person 614 69 631 83
person 619 77 636 94
person 629 90 654 111
person 624 53 638 67
person 645 61 658 75
person 649 53 660 65
person 644 78 660 91
person 663 66 684 84
person 672 54 687 74
person 703 64 724 86
person 730 47 749 69
person 673 97 697 123
person 636 116 659 141
person 629 139 654 171
person 581 133 609 161
person 580 165 612 197
person 509 162 536 193
person 621 211 653 244
person 698 190 729 229
person 707 131 734 158
person 701 109 723 137
person 732 119 759 150
person 724 96 746 119
person 717 83 740 106
person 750 75 766 94
person 767 84 785 107
person 780 73 797 94
person 783 65 795 81
person 786 53 804 71
person 741 152 775 188
person 811 153 844 190
person 796 119 823 150
person 782 97 802 123
person 800 84 817 109
person 807 75 825 93
person 825 59 841 79
person 844 73 858 94
person 858 64 874 84
person 866 84 882 106
person 880 79 895 99
person 835 97 855 124
person 888 102 909 130
person 917 124 936 151
person 924 107 944 137
person 907 87 922 107
person 922 68 935 87
person 917 81 934 102
person 943 91 957 114
person 950 71 965 88
person 978 80 1000 102
person 970 144 996 179
