person 181 262 229 311
person 173 159 200 187
person 285 154 308 180
person 333 130 350 149
person 351 135 369 156
person 373 129 390 151
person 385 109 410 133
person 424 113 440 130
person 414 120 431 142
person 452 125 474 147
person 513 116 529 141
person 506 106 519 126
person 519 104 540 127
person 640 52 660 77
person 665 26 680 45
person 702 80 716 96
person 719 83 733 96
person 722 67 734 83
person 728 42 738 54
person 800 44 812 59
person 806 43 820 59
person 824 40 835 57
person 837 39 848 50
person 838 50 853 63
person 822 80 837 98
person 901 145 924 172
person 977 154 998 174
person 1008 149 1028 175
person 952 108 970 130
person 1031 108 1048 129
