person 21 191 40 210
person 44 202 70 229
person 50 189 68 208
person 63 257 119 306
person 92 203 115 233
person 86 184 104 200
person 109 187 123 203
person 121 194 139 215
person 127 181 143 197
person 150 185 166 199
person 157 204 185 224
person 184 191 205 211
person 218 194 234 212
person 228 184 246 201
person 232 148 247 164
person 210 218 245 257
person 271 223 301 260
person 289 202 319 236
person 264 186 280 202
person 354 205 379 237
person 355 195 374 219
person 369 187 384 208
person 387 195 410 220
person 412 186 429 209
