person 883 84 895 103
person 909 85 922 103
person 856 78 868 95
person 864 89 878 108
person 910 101 923 119
person 902 118 917 139
person 903 127 918 149
person 898 142 913 165
person 895 168 914 198
person 821 149 841 180
person 801 176 824 215
person 838 144 858 170
person 846 121 863 144
person 847 103 866 125
person 845 82 858 101
person 838 86 851 105
person 816 74 830 90
person 803 81 816 100
person 811 104 828 127
person 769 100 783 119
person 758 68 769 85
person 746 91 761 113
person 783 135 800 162
person 817 96 831 118
person 731 61 745 78
person 733 70 747 91
person 717 82 730 103
person 747 131 771 159
person 786 99 802 121
person 724 165 750 205
person 647 165 677 200
person 695 118 712 143
person 701 67 715 88
person 685 79 701 98
person 599 144 624 178
person 611 122 629 146
person 619 96 636 120
person 650 101 668 129
person 643 127 663 157
person 635 85 653 108
person 632 68 645 83
person 666 60 678 76
person 685 61 694 75
person 630 50 639 67
person 643 55 652 68
person 655 59 664 73
person 592 49 604 65
person 608 60 619 73
person 605 74 618 93
person 571 53 581 67
person 577 68 592 86
person 567 80 580 100
person 568 121 590 152
person 558 138 584 167
person 505 130 528 162
person 535 89 548 108
person 542 77 556 99
person 531 60 544 74
person 518 74 530 93
person 516 66 528 84
person 487 70 500 88
person 502 62 512 77
person 509 62 519 78
person 476 70 487 87
person 473 105 491 129
person 506 78 517 98
person 425 77 437 92
person 447 84 462 104
person 457 93 473 114
person 428 100 448 127
person 394 99 410 120
person 319 91 331 109
person 334 101 349 120
person 300 113 316 135
person 86 214 130 270
person 673 106 690 127
