person 190 214 244 264
person 206 192 237 227
person 235 184 260 217
person 144 196 182 237
person 155 186 186 221
person 130 180 157 203
person 80 195 127 234
person 101 171 131 198
person 58 173 85 200
person 31 182 64 215
person 33 157 58 182
person 8 159 33 185
person 1 174 15 202
person 81 156 104 178
person 63 159 87 182
person 163 167 190 197
person 179 172 199 195
person 198 173 218 192
person 218 175 239 194
person 262 169 279 192
person 287 184 314 213
person 302 200 333 238
person 318 180 339 212
person 344 212 388 264
person 367 188 395 225
person 395 209 431 254
person 444 212 481 250
person 438 191 467 227
person 469 192 490 215
person 457 176 477 199
person 400 184 420 209
person 352 186 376 211
person 349 179 365 195
person 340 173 355 191
person 531 218 565 256
person 531 190 558 218
person 585 198 604 224
person 612 210 638 239
person 646 203 671 235
person 653 165 671 190
person 835 116 900 177
