person 184 317 231 365
person 352 178 375 206
person 365 156 386 181
person 393 178 419 206
person 424 184 451 216
person 434 175 460 195
person 428 153 448 173
person 424 138 446 159
person 462 142 487 171
person 488 147 510 173
person 502 128 519 149
person 518 119 536 141
person 534 142 553 162
person 555 138 580 164
person 548 108 567 130
person 596 138 619 165
person 603 114 626 138
person 573 92 593 114
person 556 97 573 115
person 476 182 504 215
person 608 95 628 115
person 610 83 625 101
person 626 81 642 103
person 637 102 656 124
person 652 89 670 112
person 675 100 694 124
person 701 117 724 141
person 691 86 708 106
person 698 68 714 83
person 717 93 737 116
person 722 79 739 95
person 734 64 749 79
person 749 97 769 123
person 760 64 777 81
person 788 58 802 77
person 790 83 811 104
person 759 79 778 99
person 822 70 837 87
person 820 86 839 102
person 868 68 880 85
person 656 180 692 224
person 678 161 708 195
person 743 169 774 202
person 762 131 784 163
person 804 147 834 180
person 806 176 839 215
person 750 213 788 262
person 949 188 982 233
person 847 117 869 145
person 846 103 866 122
person 884 89 904 113
person 894 104 919 136
person 880 147 904 179
person 909 89 930 116
person 924 74 941 94
person 935 111 956 138
person 956 142 977 166
person 916 165 946 200
person 1008 159 1037 197
person 995 258 1045 316
person 1089 278 1133 334
person 1116 217 1149 263
person 1049 186 1085 230
person 1075 163 1104 196
person 1132 189 1158 224
person 1137 155 1162 189
person 1148 140 1167 163
person 1070 144 1096 169
person 1022 142 1046 168
person 987 114 1011 140
person 962 97 984 118
person 969 86 989 104
person 982 71 997 88
person 1002 75 1019 99
person 999 100 1022 124
person 1026 85 1046 109
person 1039 82 1055 103
person 1056 102 1077 126
person 1044 123 1066 147
person 1072 93 1091 116
person 1088 79 1104 97
person 1106 119 1124 140
person 1116 99 1135 120
person 1131 94 1146 115
person 1150 102 1167 122
