person 12 272 44 315
person 286 226 302 250
person 318 229 342 266
person 348 205 368 228
person 345 241 368 273
person 412 241 434 273
person 434 194 453 216
person 450 217 471 242
person 460 232 480 262
person 469 173 487 193
person 495 184 510 206
person 492 228 514 254
person 499 201 517 226
person 525 186 542 212
person 540 204 559 235
person 547 227 572 261
person 571 209 593 234
person 560 163 574 187
person 574 157 589 177
person 615 173 634 200
person 631 206 653 235
person 630 165 650 191
person 670 191 691 218
person 674 153 692 168
person 699 147 719 165
person 689 176 709 197
person 728 168 744 188
person 744 136 760 158
person 765 147 780 162
person 781 153 793 168
person 778 171 799 193
person 797 146 815 165
person 819 150 837 173
person 839 154 849 168
person 604 260 636 300
person 652 269 686 304
person 718 215 741 246
person 734 246 762 281
person 771 196 790 225
person 827 177 845 201
person 853 168 872 191
person 737 276 767 325
person 787 223 809 251
person 805 257 833 290
person 842 233 866 264
person 800 292 840 337
person 862 331 905 385
person 889 262 923 300
person 961 272 987 309
person 1015 291 1056 326
person 1000 348 1042 396
person 978 241 1005 278
person 1055 244 1090 279
person 1099 310 1125 356
person 1112 272 1137 304
person 1124 235 1147 268
person 990 193 1009 225
person 1028 204 1047 232
person 1059 218 1081 241
person 928 188 949 214
person 878 195 898 221
person 907 147 923 171
person 954 153 973 176
person 985 163 1003 187
person 1034 173 1048 191
person 1068 175 1080 194
person 1088 195 1107 214
person 1140 189 1155 205
person 1123 216 1144 240
person 911 180 926 202
person 648 173 669 193
