person 193 172 236 212
person 293 117 311 135
person 302 103 317 122
person 337 102 354 118
person 394 83 405 97
person 410 89 421 105
person 390 111 409 130
person 427 84 442 107
person 438 79 453 101
person 452 63 465 76
person 455 81 473 101
person 472 66 483 82
person 439 112 461 128
person 505 65 520 82
person 511 58 529 72
person 529 64 547 83
person 556 29 567 43
person 537 94 554 111
person 543 69 562 87
person 562 67 582 91
person 567 53 580 70
person 521 95 543 108
person 584 58 597 69
person 603 85 624 100
person 633 56 649 62
person 601 65 621 83
person 611 52 636 72
person 625 73 640 88
person 656 54 670 69
person 671 58 691 72
person 459 169 484 192
person 540 149 564 175
person 641 92 657 111
person 597 139 624 173
person 545 126 569 148
person 601 118 625 142
person 653 107 669 126
person 642 145 667 167
person 668 160 696 198
person 695 117 719 140
person 736 64 751 76
person 704 84 722 102
person 714 73 738 89
person 745 91 760 109
person 749 71 763 89
person 735 134 758 159
person 759 106 775 130
person 784 95 803 116
person 779 126 802 149
person 759 179 791 223
person 818 185 843 216
person 872 200 900 235
person 819 89 838 111
person 846 77 860 97
person 844 100 867 123
person 843 147 869 174
person 854 116 871 135
person 808 124 830 144
person 883 83 896 98
person 903 92 926 110
person 908 103 922 122
person 885 119 901 139
person 877 166 919 191
person 853 95 871 116
person 796 86 813 108
person 768 94 783 114
person 679 85 698 103
person 737 73 749 94
person 558 84 577 100
person 472 84 498 104
person 493 64 512 81
