person 32 341 57 370
person 50 332 73 362
person 105 344 130 371
person 157 347 183 376
person 183 367 222 409
person 208 309 223 325
person 289 435 369 522
person 300 371 325 406
person 315 348 340 374
person 387 347 410 372
person 370 344 393 367
person 411 340 433 365
person 479 418 547 499
person 461 337 480 360
person 480 359 508 386
person 493 344 520 370
person 486 327 503 348
person 527 332 545 351
person 546 321 560 343
person 567 331 586 354
person 576 344 602 374
person 599 367 629 398
person 616 320 636 338
person 649 354 682 394
person 684 352 717 391
person 685 337 703 360
person 658 324 673 347
person 636 322 649 340
person 712 325 732 343
person 747 328 763 347
person 723 353 751 387
person 775 340 797 369
