person 119 353 170 402
person 252 226 275 252
person 287 240 315 272
person 330 237 357 265
person 359 259 390 289
person 320 210 344 236
person 396 226 419 252
person 405 201 426 222
person 440 226 463 251
person 475 221 503 249
person 470 199 493 221
person 468 184 489 204
person 452 171 473 196
person 498 170 515 191
person 526 224 555 254
person 542 208 567 234
person 533 175 548 196
person 540 181 559 202
person 544 160 558 181
person 592 175 613 198
person 608 182 630 203
person 593 214 614 237
person 654 181 680 210
person 646 162 668 182
person 659 149 676 167
person 670 156 690 178
person 677 141 696 162
person 684 175 703 195
person 711 167 730 190
person 715 149 732 169
person 722 134 739 153
person 741 143 757 163
person 756 145 774 164
person 753 164 770 187
person 792 143 806 162
person 802 152 822 173
person 792 186 813 213
person 828 143 847 164
person 837 166 857 192
person 617 248 654 285
person 533 270 574 315
person 609 286 649 331
person 687 292 724 338
person 742 300 786 348
person 679 265 711 297
person 706 217 731 252
person 743 198 773 234
person 772 241 805 272
person 753 237 780 268
person 815 243 842 275
person 806 212 829 240
person 844 197 865 224
person 870 164 889 185
person 886 164 906 190
person 907 173 926 192
person 915 185 935 209
person 926 175 944 198
person 911 147 928 172
person 930 159 949 180
person 963 159 985 181
person 976 198 997 225
person 975 225 998 253
person 961 233 985 272
person 912 290 947 329
person 846 266 880 304
person 809 355 860 412
person 968 335 1009 388
person 1003 296 1045 343
person 1078 316 1126 363
person 1020 241 1051 283
person 1012 219 1034 246
person 1035 219 1059 249
person 1059 220 1079 252
person 1083 223 1104 253
person 1107 239 1131 274
person 1105 209 1126 235
person 1115 204 1131 224
person 1118 189 1138 209
person 1066 181 1084 205
person 1015 186 1035 212
person 1004 166 1022 189
person 1031 180 1047 204
person 1049 171 1067 196
