person 52 242 121 301
person 124 191 160 233
person 195 198 230 247
person 253 191 282 222
person 302 237 347 291
person 314 205 352 243
person 368 201 389 228
person 388 238 452 301
person 440 208 471 243
person 475 198 511 225
person 486 226 534 278
person 457 187 479 208
person 416 196 445 220
person 411 179 431 200
person 382 212 421 251
person 366 190 392 214
person 279 167 296 184
person 256 166 275 183
person 262 139 274 152
person 229 163 245 177
person 226 172 239 189
person 215 160 227 175
person 201 169 218 186
person 175 171 192 186
person 183 161 198 174
person 165 155 181 174
person 149 158 166 175
person 133 161 145 176
person 137 151 148 164
person 96 149 109 164
person 103 145 114 156
person 75 127 83 135
person 80 145 92 158
person 88 165 107 184
person 66 160 83 178
person 64 145 74 158
person 55 143 66 156
person 43 154 59 172
person 14 158 34 182
person 30 144 42 158
person 30 119 39 130
person 43 115 51 130
person 5 138 22 157
person 1 121 10 132
