person 76 336 127 401
person 39 333 86 388
person 32 307 67 350
person 19 273 46 307
person 11 256 37 285
person 33 230 57 260
person 65 246 88 273
person 72 264 98 296
person 105 281 133 320
person 126 301 158 345
person 158 323 193 373
person 173 312 202 351
person 194 301 221 336
person 207 268 237 305
person 188 259 207 284
person 191 229 214 260
person 151 278 181 316
person 141 251 161 277
person 115 265 141 289
person 107 233 130 261
person 214 360 269 427
person 290 326 327 374
person 315 344 356 398
person 271 289 304 328
person 283 255 303 281
person 310 249 332 273
person 343 227 367 255
person 364 235 384 257
person 360 252 381 279
person 333 267 366 308
person 403 299 435 337
person 413 273 437 301
person 392 248 411 277
person 401 236 420 265
person 431 269 453 298
person 448 257 470 284
person 466 290 492 322
person 478 272 497 301
person 484 260 499 280
person 493 235 509 259
person 507 234 527 261
person 539 244 560 271
person 542 229 562 250
person 555 231 576 258
person 578 233 595 255
person 572 247 592 273
person 576 287 599 320
person 597 328 639 380
person 515 362 571 439
person 490 336 528 385
person 500 312 529 348
person 524 308 554 348
person 434 316 464 360
person 406 341 448 394
person 644 306 673 349
person 650 293 679 325
person 633 259 654 288
person 627 246 641 273
person 604 252 624 276
person 636 232 658 264
person 665 243 685 269
person 704 239 728 268
person 715 262 744 295
person 742 255 767 285
person 766 255 794 288
person 806 268 832 296
person 830 285 852 322
person 818 310 852 358
person 727 353 786 425
person 731 313 772 359
person 707 313 739 357
