person 73 289 140 358
person 213 155 237 184
person 245 151 274 184
person 301 128 322 154
person 348 129 374 155
person 350 112 373 134
person 376 118 403 149
person 404 113 426 134
person 421 106 438 126
person 456 101 474 122
person 452 131 472 156
person 426 139 449 172
person 510 165 537 197
person 508 99 531 123
person 507 89 528 108
person 537 85 553 106
person 551 89 566 111
person 552 126 579 162
person 588 108 613 132
person 565 89 587 115
person 584 77 603 101
person 614 87 635 110
person 655 115 676 142
person 659 66 676 91
person 667 80 686 100
person 686 66 705 88
person 691 104 715 129
person 692 91 714 113
person 710 63 729 82
person 720 99 739 122
person 743 104 763 128
person 722 79 743 99
person 752 64 769 85
person 788 72 806 94
person 790 94 803 115
person 800 67 814 85
person 824 83 846 106
person 829 70 846 89
person 856 83 870 103
person 834 110 853 137
person 800 120 825 154
person 738 160 767 189
person 680 177 714 211
person 722 194 756 234
person 780 218 815 252
person 857 212 895 253
person 871 150 896 181
person 903 153 929 187
person 891 122 915 147
person 894 103 914 124
person 929 97 946 123
person 940 110 958 135
person 950 142 976 176
person 976 158 1006 192
person 989 122 1010 148
person 976 96 996 127
person 1016 116 1034 139
person 1053 125 1072 149
person 1061 123 1079 144
person 1093 124 1113 146
person 1088 143 1108 165
person 1071 153 1094 180
person 1041 185 1063 215
person 1055 175 1076 198
person 1069 214 1097 254
person 1040 261 1072 310
person 948 244 991 297
person 1151 257 1176 299
person 1141 206 1169 245
person 1115 178 1141 213
person 1127 147 1145 172
person 1147 130 1166 156
person 1196 144 1217 170
person 1180 171 1196 190
person 1179 199 1200 230
person 1181 185 1199 205
