person 16 245 53 285
person 42 249 91 315
person 81 265 136 328
person 138 227 170 267
person 158 247 202 302
person 203 232 232 272
person 224 239 268 294
person 259 238 290 278
person 213 326 321 439
person 363 351 432 432
person 485 308 553 395
person 454 255 508 320
person 424 254 461 302
person 377 242 415 292
person 363 196 401 239
person 412 229 442 263
person 461 233 491 262
person 520 235 543 271
person 540 251 571 288
person 552 235 578 263
person 568 255 602 299
person 590 239 619 279
person 608 242 642 283
person 655 170 703 226
person 610 316 723 437
person 716 282 804 389
person 762 264 828 321
person 746 234 780 275
person 817 287 868 341
person 832 258 864 295
person 860 240 895 287
person 920 250 968 303
person 977 237 1023 282
