person 30 211 58 238
person 22 203 40 221
person 44 197 62 215
person 53 202 69 219
person 59 209 83 231
person 70 194 86 209
person 89 205 106 222
person 94 196 106 209
person 102 189 114 202
person 105 198 118 213
person 86 224 129 271
person 120 225 147 256
person 137 219 158 242
person 119 194 131 209
person 130 191 139 201
person 140 189 151 200
person 160 205 177 222
person 167 200 182 217
person 179 193 194 209
person 186 187 198 198
person 155 220 192 264
person 192 220 218 262
person 207 206 224 225
person 204 200 218 212
person 208 189 218 200
person 230 175 240 187
person 229 190 238 200
person 247 190 258 203
person 234 197 249 216
person 236 230 276 275
person 248 211 276 239
person 259 199 274 216
person 278 211 293 228
person 293 209 315 236
person 305 221 336 257
person 289 195 300 210
person 287 189 297 198
person 305 186 317 198
person 314 191 326 205
person 324 192 339 209
person 324 186 335 195
person 337 196 358 218
person 345 189 355 202
person 359 192 372 207
person 364 209 380 230
person 346 238 390 285
person 402 219 427 247
person 400 204 417 225
person 407 196 427 219
person 377 188 392 205
person 434 197 450 218
