person 172 221 195 245
person 237 232 263 256
person 230 222 251 246
person 275 227 309 259
person 281 177 297 197
person 180 276 220 314
person 179 259 205 284
person 253 276 321 341
person 316 270 356 307
person 341 214 363 235
person 382 210 407 236
person 403 228 433 260
person 387 272 456 337
person 419 371 573 482
person 648 337 725 473
person 580 226 619 273
person 622 230 665 270
person 675 219 705 254
person 540 229 572 260
person 518 215 542 238
person 508 205 532 227
person 474 213 494 235
person 458 230 494 261
