person 155 223 188 264
person 298 103 314 116
person 327 107 342 122
person 336 100 350 113
person 381 86 392 99
person 392 79 404 90
person 404 89 415 102
person 429 108 445 119
person 410 124 425 139
person 459 103 474 117
person 431 88 443 102
person 415 80 428 96
person 429 71 440 87
person 438 80 448 92
person 444 74 454 85
person 460 67 471 77
person 457 82 467 90
person 479 83 490 97
person 496 77 507 88
person 488 68 497 79
person 526 70 538 84
person 493 113 507 126
person 542 98 556 114
person 504 101 518 110
person 542 84 556 97
person 519 86 531 96
person 534 67 547 78
person 550 71 562 84
person 567 55 577 68
person 608 56 616 67
person 643 61 651 70
person 663 62 673 73
person 633 76 644 88
person 604 74 615 89
person 573 86 587 99
person 520 124 541 146
person 582 104 600 125
person 609 113 628 131
person 609 95 623 113
person 663 95 676 111
person 657 119 674 140
person 732 118 745 137
person 677 94 689 111
person 643 94 655 108
person 683 81 694 97
person 696 71 708 88
person 707 70 717 80
person 730 78 740 88
person 743 87 753 102
person 756 94 768 110
person 772 89 783 105
person 760 72 770 87
person 792 75 802 90
person 796 101 808 120
person 809 124 823 143
person 804 149 821 171
person 848 124 862 146
person 863 117 874 130
person 823 99 836 114
person 819 85 829 98
person 871 106 883 119
person 875 90 884 102
person 709 92 724 110
