person 89 223 126 265
person 351 297 382 332
person 367 309 396 345
person 382 314 414 356
person 433 299 458 330
person 444 317 473 358
person 460 294 479 324
person 476 293 496 325
person 492 296 511 325
person 503 324 535 370
person 523 317 558 370
person 564 306 593 348
person 600 307 637 353
person 648 301 703 358
person 713 281 759 328
person 757 290 797 352
person 725 261 749 286
person 752 244 778 271
person 773 249 795 279
person 678 254 700 281
person 670 276 693 304
person 627 284 657 316
person 612 290 634 318
person 582 276 606 304
person 564 279 594 313
person 548 285 570 315
person 521 291 548 322
person 511 291 530 326
