person 54 221 90 260
person 263 164 273 187
person 282 154 303 171
person 314 146 330 168
person 375 147 394 170
person 351 119 361 132
person 361 124 376 145
person 394 121 406 140
person 414 121 433 140
person 451 147 469 173
person 444 121 461 138
person 511 168 532 198
person 576 168 598 197
person 632 184 654 218
person 703 191 729 228
person 694 140 714 170
person 747 161 776 192
person 818 157 845 189
person 597 136 618 159
person 635 139 658 165
person 514 127 533 147
person 487 95 503 113
person 448 101 462 118
person 468 112 484 131
person 728 111 755 140
person 697 118 718 135
person 652 120 672 146
person 525 109 544 129
person 501 95 518 113
person 556 109 579 128
person 582 85 597 104
person 601 98 621 116
person 649 80 664 96
person 479 83 491 98
person 511 75 523 87
person 795 116 815 145
person 847 132 868 162
person 920 129 935 152
person 775 108 790 130
person 689 95 711 116
person 544 92 560 104
person 560 71 571 87
person 595 59 607 74
person 624 54 637 68
person 621 66 634 83
person 656 61 665 73
person 673 68 686 82
person 689 54 702 70
person 714 61 730 81
person 716 83 732 100
person 739 51 752 69
person 742 78 763 98
person 779 65 789 84
person 766 85 787 104
person 792 74 807 90
person 795 57 811 71
person 809 71 823 89
person 816 88 832 109
person 826 68 840 83
person 842 90 863 113
person 842 71 861 87
person 859 68 873 81
person 885 75 901 95
person 865 94 880 112
person 894 107 912 127
person 917 73 930 88
person 904 87 921 109
person 949 71 961 88
person 941 90 956 112
person 947 116 965 139
person 980 112 998 131
person 975 93 987 113
person 985 88 996 105
person 485 108 502 130
person 482 118 497 142
