person 19 255 67 315
person 262 150 287 180
person 294 143 326 174
person 329 123 353 155
person 385 117 410 145
person 399 97 424 127
person 428 108 457 139
person 448 101 469 130
person 483 131 503 156
person 511 122 534 154
person 468 94 491 120
person 498 92 520 117
person 549 160 581 193
person 552 90 574 113
person 555 78 579 100
person 580 76 600 102
person 594 89 616 112
person 631 96 657 125
person 594 120 623 154
person 698 107 721 134
person 658 76 684 103
person 631 68 652 91
person 700 58 722 80
person 734 57 756 78
person 709 73 734 99
person 729 99 750 127
person 738 79 761 104
person 767 90 789 113
person 769 70 791 93
person 760 51 781 73
person 791 91 811 121
person 800 52 820 76
person 827 59 847 85
person 835 84 854 106
person 846 64 864 85
person 871 60 889 79
person 871 71 891 96
person 919 73 939 95
person 897 99 920 128
person 834 121 864 159
person 759 140 797 180
person 704 174 742 214
person 743 207 779 245
person 825 222 863 263
person 922 210 956 260
person 910 135 939 169
person 950 147 977 184
person 937 108 961 140
person 963 91 980 114
person 985 100 1003 123
person 1006 121 1026 150
person 1026 145 1054 186
person 1037 110 1058 134
person 1024 91 1043 113
person 1054 105 1071 130
person 1094 115 1112 137
person 1079 174 1105 211
person 1117 206 1150 244
person 1075 253 1111 302
person 987 230 1031 282
person 1097 157 1120 190
person 1119 139 1140 168
person 1134 128 1151 152
person 1144 116 1163 139
person 1169 172 1191 205
person 1173 138 1196 164
person 1191 119 1211 142
person 1206 240 1236 287
person 1209 204 1238 243
person 1222 190 1247 221
person 1229 163 1250 193
person 1237 129 1256 156
