person 114 167 150 204
person 192 97 204 112
person 206 96 220 111
person 203 114 219 130
person 252 101 266 118
person 267 91 281 104
person 268 110 284 125
person 309 98 326 115
person 335 89 352 106
person 323 71 335 85
person 317 64 329 77
person 300 72 310 84
person 292 68 305 81
person 268 74 279 84
person 337 62 347 75
person 337 55 345 65
person 343 69 356 85
person 352 77 366 91
person 372 79 387 96
person 357 63 367 75
person 361 54 372 64
person 371 61 382 75
person 394 65 408 79
person 399 45 409 58
person 422 64 436 79
person 424 52 435 64
person 424 41 434 52
person 440 51 453 65
person 445 38 454 51
person 466 39 475 49
person 470 46 478 54
person 467 52 477 65
person 466 62 480 76
person 479 65 493 82
person 484 40 494 53
person 505 45 514 57
person 408 98 428 120
person 354 115 371 137
person 381 124 403 144
person 452 113 475 137
person 443 96 463 114
person 452 78 466 94
person 476 81 494 99
person 499 91 517 110
person 512 103 536 129
person 480 125 507 154
person 527 140 549 173
person 578 161 606 193
person 564 102 585 129
person 549 82 566 101
person 524 76 540 94
person 506 65 521 81
person 498 60 509 71
person 536 43 548 54
person 540 51 557 68
person 556 46 567 58
person 567 51 582 68
person 587 55 603 70
person 585 88 603 113
person 561 79 576 97
person 598 74 613 93
person 601 54 611 66
person 606 50 619 61
person 620 65 634 82
person 626 55 636 67
person 629 51 637 60
person 644 64 660 80
person 656 55 665 68
person 673 57 687 69
person 640 81 651 99
person 631 103 648 124
person 618 111 634 136
person 642 149 670 179
person 668 103 685 121
person 665 76 677 92
