person 408 106 618 372
person 719 110 771 182
person 124 96 181 156
person 75 60 125 111
person 42 58 82 103
person 203 57 230 90
person 229 74 266 118
person 252 49 286 88
person 279 64 329 133
person 322 61 353 97
person 313 47 337 71
person 279 40 301 64
person 362 56 394 97
person 352 43 368 65
person 385 47 408 77
person 408 39 437 73
person 416 67 455 114
person 382 98 427 154
person 458 49 483 83
person 455 33 476 53
person 477 44 498 75
person 516 44 543 73
person 532 59 562 102
person 542 40 559 64
person 585 63 612 99
person 592 42 612 67
person 585 38 600 58
person 626 46 656 80
person 622 34 646 60
person 683 81 722 136
person 691 50 717 83
person 676 44 697 77
person 504 81 551 122
person 743 47 767 78
person 738 33 760 57
person 764 72 796 114
person 789 68 818 112
person 779 39 798 66
person 801 25 820 48
person 817 47 843 81
person 842 65 883 115
person 844 46 871 74
person 876 53 912 98
person 900 51 921 87
person 893 36 917 61
person 915 45 938 80
person 946 37 969 66
person 967 29 981 49
person 1059 64 1098 120
person 1055 130 1136 211
person 1168 77 1204 128
person 1211 89 1261 155
person 1214 120 1280 197
person 1148 63 1190 116
person 1138 47 1167 77
person 1124 39 1148 76
person 1058 49 1095 78
person 1050 44 1071 68
person 1047 36 1067 59
