person 127 334 184 395
person 252 224 277 251
person 288 225 314 254
person 319 240 345 267
person 322 202 345 228
person 374 242 401 278
person 401 217 423 240
person 404 191 427 216
person 445 219 468 245
person 467 217 495 244
person 468 198 490 220
person 456 170 477 192
person 492 171 511 190
person 515 173 532 192
person 499 201 523 228
person 526 221 552 252
person 548 203 571 229
person 533 159 552 184
person 550 171 566 193
person 547 150 564 169
person 577 173 593 192
person 592 171 606 189
person 603 159 620 178
person 607 181 627 206
person 632 166 652 191
person 651 177 672 206
person 583 208 608 240
person 676 167 692 190
person 665 143 680 163
person 689 153 705 171
person 707 158 725 184
person 714 144 727 161
person 718 132 732 152
person 746 161 764 185
person 745 142 763 162
person 786 135 804 154
person 798 149 811 169
person 810 141 830 167
person 785 178 809 208
person 738 196 763 225
person 697 214 724 245
person 690 238 723 277
person 632 265 668 302
person 622 235 653 272
person 574 244 622 282
person 709 277 747 322
person 740 302 785 347
person 773 244 809 289
person 755 219 784 251
person 808 188 829 216
person 836 195 859 226
person 832 163 850 185
person 875 165 893 188
person 869 158 885 177
person 885 148 902 172
person 810 229 842 267
person 850 262 884 300
person 807 351 858 404
person 919 274 957 315
person 959 233 986 269
person 964 196 985 218
person 905 182 924 213
person 920 175 940 197
person 926 154 945 178
person 960 159 978 182
person 967 175 988 198
person 1001 170 1018 191
person 1010 178 1027 201
person 1001 204 1023 238
person 1017 244 1043 282
person 998 288 1034 333
person 972 335 1018 383
person 1086 304 1125 347
person 1082 255 1114 292
person 1101 236 1129 269
person 1078 214 1100 247
person 1027 221 1051 248
person 1037 166 1057 189
person 1061 179 1084 209
person 1107 202 1128 226
person 1111 177 1128 200
person 1086 203 1104 225
