person 166 261 207 311
person 259 142 277 164
person 275 145 296 170
person 302 147 322 170
person 314 161 336 182
person 330 126 351 144
person 361 113 378 134
person 366 127 386 147
person 366 146 392 167
person 398 145 420 167
person 403 102 419 122
person 406 119 427 141
person 418 111 439 130
person 436 134 459 162
person 452 108 473 131
person 465 97 483 115
person 473 83 489 99
person 477 119 496 143
person 498 125 518 149
person 514 110 534 132
person 504 105 518 123
person 510 90 528 107
person 522 70 537 86
person 541 91 561 110
person 560 89 576 112
person 545 111 566 135
person 529 86 546 101
person 585 80 596 95
person 580 71 592 85
person 602 93 620 113
person 613 71 626 87
person 624 75 641 95
person 640 65 656 85
person 650 77 663 95
person 664 65 678 81
person 676 64 693 83
person 701 64 713 82
person 577 138 604 167
person 538 160 565 193
person 557 169 592 207
person 626 181 661 216
person 643 134 672 165
person 637 120 660 147
person 701 115 723 143
person 684 139 710 176
person 690 103 709 125
person 725 93 742 117
person 729 79 746 98
person 746 81 760 101
person 766 85 782 110
person 775 77 792 98
person 788 70 805 91
person 805 68 820 89
person 805 87 825 107
person 748 108 772 139
person 789 121 818 158
person 747 156 776 187
person 804 158 834 193
person 811 107 834 136
person 834 72 852 95
person 848 88 866 117
person 890 71 911 93
person 859 123 884 151
person 896 138 925 164
person 875 176 904 214
person 960 129 986 162
person 981 139 1008 177
person 940 110 961 136
person 925 104 943 126
person 921 87 936 108
person 941 84 955 106
person 890 106 909 127
