person 85 299 151 367
person 237 161 264 191
person 262 151 289 180
person 334 128 360 156
person 385 126 410 153
person 405 121 430 153
person 400 103 421 127
person 436 113 460 138
person 452 106 474 127
person 460 139 485 170
person 488 123 508 149
person 514 92 532 114
person 534 87 551 106
person 547 99 566 124
person 567 85 590 110
person 584 70 600 91
person 597 87 618 115
person 616 76 635 99
person 622 108 642 130
person 586 130 612 163
person 542 161 574 194
person 683 119 704 147
person 656 82 677 105
person 691 82 710 105
person 693 69 712 89
person 728 67 747 89
person 747 62 768 85
person 724 105 745 130
person 726 89 743 110
person 754 97 772 120
person 776 101 798 126
person 768 80 788 102
person 774 63 795 88
person 806 71 824 94
person 822 74 843 100
person 818 95 837 118
person 855 81 878 108
person 863 65 885 91
person 893 76 910 99
person 880 112 902 137
person 710 179 744 217
person 752 165 785 200
person 755 201 791 244
person 813 217 851 263
person 832 120 862 152
person 896 138 927 172
person 920 110 941 140
person 940 121 966 148
person 952 104 971 126
person 968 95 985 116
person 1014 97 1034 126
person 1041 112 1062 138
person 1020 131 1041 158
person 991 136 1017 166
person 955 153 981 182
person 1018 158 1045 196
person 899 218 935 259
person 989 253 1041 301
person 1090 227 1128 272
person 1076 185 1103 217
person 1064 283 1104 334
person 1091 125 1109 148
person 1102 118 1118 137
person 1127 128 1147 149
person 1121 153 1148 187
person 1164 144 1182 173
person 1153 176 1174 208
person 1181 203 1205 242
person 1182 249 1215 293
person 1218 203 1241 237
person 1219 180 1239 207
person 1218 161 1238 185
person 1230 151 1246 171
person 1189 131 1207 156
