person 795 205 840 273
person 804 152 829 184
person 930 203 969 259
person 1009 140 1042 180
person 931 169 955 204
person 912 127 928 152
person 922 104 935 124
person 958 104 973 124
person 943 130 959 153
person 942 144 961 177
person 753 75 768 95
person 741 114 760 141
person 684 115 702 140
person 644 118 668 148
person 676 55 687 69
person 641 56 650 70
person 599 59 609 71
person 613 61 631 83
person 549 78 563 99
person 572 90 591 115
person 428 83 439 98
person 461 77 474 95
person 489 75 503 94
person 503 83 518 103
person 483 97 497 117
person 459 108 477 132
person 423 110 442 134
person 401 104 418 126
person 347 110 364 136
person 373 120 391 144
person 396 130 414 155
person 258 111 278 141
person 204 121 224 150
person 103 225 157 289
