person 201 177 248 234
person 292 113 311 136
person 326 126 344 149
person 336 116 352 132
person 336 91 353 110
person 356 100 375 121
person 379 102 397 123
person 368 131 384 154
person 387 132 410 156
person 412 128 436 157
person 407 99 424 123
person 455 108 477 132
person 430 88 448 107
person 433 75 447 90
person 451 84 470 103
person 486 94 504 115
person 488 117 507 140
person 475 111 492 132
person 472 78 486 95
person 481 71 496 89
person 501 71 516 87
person 520 99 539 119
person 538 82 555 102
person 532 68 545 89
person 520 62 530 78
person 511 82 525 99
person 567 97 584 116
person 559 78 575 94
person 555 57 573 79
person 586 66 600 84
person 593 59 605 74
person 600 71 615 90
person 598 88 615 109
person 614 65 632 82
person 626 58 640 75
person 646 58 661 79
person 637 61 650 78
person 633 82 649 100
person 673 63 689 82
person 683 52 694 66
person 690 60 702 76
person 706 60 717 74
person 719 51 734 69
person 495 143 523 180
person 533 175 568 207
person 572 128 598 157
person 622 131 649 165
person 610 175 639 212
person 700 162 732 198
person 681 124 707 157
person 642 115 663 142
person 679 92 701 116
person 713 95 732 114
person 724 82 741 100
person 732 113 754 138
person 756 98 778 124
person 765 84 779 103
person 766 71 779 87
person 783 76 799 97
person 809 84 827 103
person 808 70 822 89
person 803 111 827 138
person 782 120 808 147
person 796 156 825 191
person 742 149 767 188
person 762 191 794 233
person 817 222 854 264
person 830 126 853 159
person 851 168 878 203
person 906 225 950 270
person 928 179 956 215
person 890 134 909 157
person 897 125 919 150
person 942 149 961 176
person 952 109 971 135
