person 243 115 257 133
person 358 228 427 294
person 407 210 445 259
person 460 204 496 244
person 476 191 497 211
person 479 173 498 194
person 453 174 474 194
person 415 188 442 218
person 406 170 431 192
person 372 170 396 191
person 316 174 340 198
person 336 193 363 216
person 290 197 324 230
person 278 177 302 199
person 288 168 307 186
person 333 171 349 186
person 201 230 259 285
person 194 209 230 239
person 80 195 116 228
person 35 189 79 225
person 2 264 58 333
person 23 168 40 184
person 49 170 66 182
person 45 178 67 192
person 71 180 91 198
person 65 162 80 181
person 85 171 97 186
person 105 167 118 181
person 118 169 130 184
person 133 176 153 195
person 146 166 161 182
person 134 166 146 179
person 181 171 197 190
person 211 167 229 185
person 226 192 256 224
person 239 186 265 209
person 157 194 189 243
