person 24 218 56 257
person 950 68 967 90
person 921 67 938 86
person 793 51 804 72
person 728 52 743 71
person 677 53 689 72
person 651 54 669 72
person 825 62 841 81
person 601 62 616 74
person 710 67 727 81
person 750 72 767 91
person 843 71 857 87
person 859 77 874 92
person 875 71 894 92
person 899 82 921 105
person 917 83 932 99
person 945 94 960 111
person 987 89 1006 109
person 773 85 790 104
person 795 81 814 104
person 841 95 859 116
person 898 110 915 128
person 512 70 524 87
person 553 73 579 94
person 581 78 601 100
person 651 77 673 96
person 613 80 634 101
person 601 86 624 109
person 477 80 492 95
person 428 94 448 114
person 359 120 382 144
person 338 124 354 146
person 311 141 337 167
person 289 156 313 178
person 263 159 287 182
person 386 127 410 145
person 336 148 372 179
person 409 170 437 199
person 435 123 460 145
person 474 97 491 109
person 480 113 504 128
person 519 124 540 152
person 508 89 522 107
person 564 109 589 134
person 506 163 536 199
person 583 164 614 195
person 591 130 617 159
person 652 101 679 129
person 632 138 659 164
person 631 181 663 212
person 702 182 738 225
person 685 95 702 119
person 701 115 722 137
person 713 136 735 162
person 731 116 758 148
person 727 93 751 114
person 781 106 804 141
person 798 126 826 155
person 743 155 775 191
person 806 154 836 186
person 919 118 945 146
person 983 147 1007 182
person 469 123 494 149
person 446 102 469 120
person 540 93 567 118
person 627 54 645 73
person 515 114 536 137
person 404 118 427 138
person 870 93 886 113
