person 214 122 236 148
person 284 95 303 115
person 325 91 339 107
person 352 81 366 96
person 366 81 381 98
person 380 79 394 96
person 390 73 402 87
person 394 67 404 79
person 409 77 422 94
person 422 75 433 92
person 416 96 434 118
person 442 90 457 107
person 443 75 458 91
person 430 68 439 79
person 412 66 424 79
person 442 61 453 74
person 462 79 475 96
person 477 68 489 83
person 469 60 479 74
person 484 88 499 104
person 472 101 490 122
person 511 86 529 104
person 496 73 511 89
person 507 61 519 77
person 516 56 528 72
person 533 67 547 81
person 550 83 564 98
person 554 74 564 85
person 553 51 564 63
person 583 63 596 77
person 591 54 600 65
person 604 55 615 67
person 630 58 638 69
person 517 111 538 135
person 561 90 577 116
person 583 90 601 108
person 588 102 610 128
person 628 105 648 132
person 619 80 634 99
person 637 83 653 102
person 643 68 657 84
person 659 72 671 84
person 660 82 675 100
person 679 65 689 80
person 685 82 699 99
person 694 73 705 87
person 702 83 715 100
person 712 96 726 115
person 713 66 723 81
person 720 76 734 90
person 735 63 747 78
person 741 81 752 96
person 735 93 748 111
person 762 98 777 116
person 763 70 775 87
person 790 72 804 88
person 812 83 822 98
person 799 111 816 136
person 782 130 802 150
person 825 121 841 147
person 836 109 851 128
person 838 98 849 110
person 839 81 852 95
