person 1252 184 1275 209
person 852 709 1003 897
person 126 998 374 1199
person 313 573 446 725
person 14 501 126 605
person 2 447 62 526
person 9 376 72 432
person 1 410 42 466
person 99 382 167 440
person 65 342 104 380
person 204 420 282 490
person 191 382 265 448
person 135 350 187 393
person 193 329 246 378
person 265 497 399 604
person 282 442 361 520
person 286 393 344 445
person 292 368 340 406
person 254 362 300 408
person 279 331 326 366
person 355 324 407 373
person 393 358 442 414
person 419 327 454 368
person 440 398 499 466
person 488 403 547 464
person 472 461 552 540
person 563 492 657 584
person 704 522 810 625
person 538 616 684 779
person 891 590 1004 722
person 1151 635 1255 764
person 1104 534 1196 634
person 946 499 1017 587
person 1302 584 1404 690
person 1341 469 1400 545
person 1452 534 1524 611
person 1421 466 1472 532
person 1517 513 1573 580
person 1572 485 1633 551
person 1636 466 1686 524
person 1582 434 1625 484
person 1669 445 1719 495
person 1705 437 1745 482
person 1772 390 1797 435
person 1742 432 1776 468
person 1644 345 1679 383
person 1572 383 1612 431
person 1544 347 1579 385
person 1523 361 1552 397
person 1489 334 1519 362
person 1491 377 1523 419
person 1462 387 1493 425
person 1521 414 1558 457
person 1486 443 1539 493
person 1410 392 1446 438
person 1378 405 1419 441
person 1371 378 1404 414
person 1404 329 1431 358
person 1334 427 1386 482
person 1314 401 1350 451
person 1310 368 1336 409
person 1302 351 1338 383
person 1275 318 1307 347
person 1231 394 1277 438
person 1257 452 1314 511
person 1176 461 1240 529
person 1156 424 1194 474
person 1135 409 1170 442
person 1171 387 1209 427
person 1212 335 1239 373
person 1223 314 1247 338
person 1249 321 1276 352
person 1177 298 1208 326
person 1144 338 1172 368
person 1129 321 1155 347
person 1092 367 1120 404
person 1087 334 1114 364
person 1072 299 1100 329
person 1039 392 1076 436
person 1045 377 1079 408
person 1025 343 1056 371
person 1014 309 1038 340
person 975 304 1000 336
person 934 337 963 366
person 968 352 992 382
person 909 357 950 388
person 924 414 977 463
person 918 443 971 506
person 777 429 850 503
person 1100 476 1171 547
person 647 422 715 505
person 725 395 781 457
person 763 389 798 446
person 799 367 830 403
person 815 353 857 397
person 863 338 891 366
person 847 320 877 350
person 818 316 847 347
person 794 327 819 357
person 772 350 804 389
person 751 330 779 366
person 718 334 750 366
person 691 347 725 382
person 692 321 718 351
person 577 362 626 418
person 644 359 684 405
person 640 320 687 364
person 513 340 566 389
person 494 331 534 367
person 467 347 517 392
person 594 334 635 377
