person 54 139 75 165
person 71 158 98 187
person 98 165 128 196
person 114 144 135 171
person 163 141 182 163
person 146 177 183 220
person 205 193 247 241
person 260 243 313 312
person 365 207 400 243
person 391 184 422 219
person 417 167 444 197
person 446 164 468 188
person 449 155 465 172
person 463 149 477 167
person 456 140 472 158
person 467 135 478 151
person 467 147 487 166
person 442 131 450 143
person 427 138 440 150
person 415 132 425 144
person 398 133 409 147
person 394 128 404 141
person 373 130 386 148
person 353 129 364 142
person 353 123 363 133
person 330 126 342 140
person 314 125 326 140
person 307 127 320 141
person 285 131 295 145
person 261 132 273 147
person 230 131 244 148
person 193 135 211 157
