person 1 163 39 209
person 32 113 55 136
person 59 120 81 145
person 83 125 107 149
person 90 117 107 133
person 130 126 158 152
person 164 117 180 134
person 196 121 218 144
person 224 118 246 141
person 247 115 256 131
person 261 119 276 134
person 270 138 299 169
person 288 136 304 155
person 294 124 308 142
person 277 115 292 129
person 295 113 303 126
person 302 119 315 132
person 314 112 325 126
person 329 141 357 171
person 327 120 344 142
person 348 114 359 129
person 378 118 394 135
person 404 118 418 133
person 401 133 419 152
person 439 127 458 149
person 422 150 454 185
person 469 143 501 176
person 504 91 534 123
person 553 122 585 149
