person 148 193 181 233
person 164 186 207 238
person 269 163 290 185
person 306 153 328 174
person 336 137 356 159
person 346 128 359 143
person 362 122 379 143
person 384 139 402 163
person 382 126 394 143
person 397 131 414 150
person 404 110 423 133
person 434 95 447 113
person 442 104 468 125
person 449 124 469 146
person 477 126 496 145
person 485 140 519 168
person 473 103 491 126
person 482 96 497 113
person 498 106 514 125
person 495 89 511 104
person 511 90 532 110
person 512 106 535 126
person 546 116 568 140
person 516 70 529 85
person 566 73 577 93
person 576 91 594 109
person 579 74 594 93
person 600 76 613 96
person 599 101 619 123
person 610 90 626 105
person 650 81 669 101
person 633 57 649 76
person 676 53 691 72
person 687 51 698 66
person 663 29 679 44
person 717 31 734 48
person 745 27 761 45
person 594 137 620 167
person 553 197 593 232
person 509 166 536 199
person 623 194 651 232
person 703 195 735 239
person 692 162 723 193
person 632 148 660 177
person 656 115 684 143
person 688 97 713 119
person 703 115 726 144
person 726 118 755 152
person 727 104 751 127
person 731 84 749 104
person 765 92 783 109
person 767 76 783 95
person 792 81 809 102
person 790 95 810 120
person 778 109 805 135
person 786 137 816 175
person 756 157 787 193
person 830 173 859 208
person 853 130 878 161
person 834 104 855 126
person 833 67 850 87
person 845 79 863 99
person 871 91 888 113
person 884 78 901 101
person 896 89 916 113
person 907 78 923 96
person 916 68 929 86
person 948 106 968 131
person 922 129 943 160
person 962 158 990 190
person 983 111 998 132
person 987 88 1002 107
person 946 84 960 103
person 953 78 971 95
