person 257 412 337 491
person 202 366 243 411
person 108 382 151 429
person 52 345 86 379
person 12 329 43 370
person 45 324 85 354
person 60 310 82 331
person 91 332 116 357
person 112 329 129 348
person 109 307 127 327
person 140 329 168 358
person 144 314 161 333
person 151 273 172 293
person 171 340 198 372
person 191 330 211 355
person 218 325 235 350
person 248 336 276 371
person 260 330 287 356
person 262 307 280 327
person 303 327 336 360
person 313 316 332 334
person 301 301 318 318
person 336 309 354 328
person 343 305 358 319
person 365 310 383 331
person 384 344 421 379
person 410 341 459 393
person 413 387 488 475
person 478 338 517 380
person 444 317 469 345
person 424 314 445 336
person 416 295 434 316
person 403 301 421 324
person 384 311 407 333
person 386 302 404 322
person 463 305 476 317
person 475 308 492 328
person 504 324 528 347
person 552 315 581 349
person 551 307 570 327
person 540 302 556 322
person 535 271 550 289
person 496 305 504 318
person 588 329 618 365
person 554 377 622 447
person 618 378 675 435
person 564 293 576 309
person 585 305 597 324
person 600 310 623 333
person 610 293 625 310
person 633 298 647 314
person 647 306 663 324
person 642 318 662 340
person 634 336 658 364
person 676 327 701 355
person 676 308 691 328
person 680 300 692 314
person 704 304 716 319
person 716 316 731 337
person 704 337 737 370
person 763 301 784 321
person 789 304 809 330
person 782 333 810 367
person 773 327 793 350
person 818 297 833 313
person 820 311 834 331
person 830 314 849 340
person 862 308 883 335
person 877 292 895 309
person 870 284 884 300
person 893 287 905 301
person 893 303 910 325
person 883 322 913 353
person 894 349 937 394
person 916 318 943 349
person 925 301 945 323
person 918 281 934 300
person 943 298 959 321
person 961 314 982 336
person 967 295 985 320
person 987 308 1004 335
person 988 328 1024 366
person 961 343 1000 389
person 1003 307 1024 332
person 1028 308 1046 329
person 1051 300 1071 325
person 1057 325 1081 361
