person 80 354 140 423
person 117 349 156 399
person 198 333 263 391
person 185 335 222 369
person 258 316 289 351
person 278 330 315 363
person 292 311 320 343
person 328 317 362 348
person 365 308 403 342
person 373 394 452 476
person 448 363 501 418
person 489 343 531 387
person 527 329 558 369
person 555 324 584 358
person 561 304 584 330
person 600 268 620 296
person 546 387 615 456
person 594 339 644 395
person 620 309 651 340
person 787 297 814 325
person 797 313 827 341
person 821 322 858 361
person 856 319 888 348
person 861 304 879 328
person 908 313 947 354
person 896 358 952 414
person 940 398 1014 470
person 957 335 1005 379
person 1045 366 1107 424
person 1070 176 1096 208
person 1092 166 1119 207
person 1158 167 1187 211
person 1132 477 1253 606
person 1136 391 1233 489
