person 156 307 239 400
person 83 282 147 346
person 56 252 104 296
person 62 209 105 255
person 9 217 54 256
person 146 208 177 243
person 179 211 207 245
person 199 220 233 260
person 218 203 245 226
person 246 207 296 258
person 274 207 310 240
person 289 250 343 308
person 343 254 400 318
person 368 236 402 274
person 337 222 368 255
person 348 207 376 235
person 330 190 353 215
person 322 181 340 209
person 279 184 302 206
person 368 183 392 209
person 409 183 437 211
person 421 203 449 235
person 428 225 462 268
person 469 235 512 294
person 499 222 533 262
person 479 203 507 236
person 516 180 541 209
person 536 189 563 220
person 562 205 600 242
person 583 180 609 212
person 607 188 631 220
person 641 177 668 210
person 598 414 719 535
person 683 312 758 411
person 753 264 822 338
person 736 231 785 280
person 759 209 797 252
person 792 198 822 235
person 806 184 838 217
person 913 258 950 332
person 896 249 939 305
person 900 211 939 257
person 919 197 949 234
person 910 182 942 217
