person 59 107 76 128
person 47 126 65 146
person 62 134 82 158
person 98 228 127 259
person 80 264 110 295
person 116 296 149 338
person 235 233 262 267
person 287 196 315 227
person 308 156 333 181
person 210 145 232 170
person 210 128 229 146
person 160 132 183 154
person 142 119 163 140
person 191 81 209 103
person 206 96 223 114
person 236 96 258 120
person 256 67 270 84
person 271 68 285 86
person 310 63 326 80
person 371 74 390 93
person 366 85 386 106
person 357 106 380 128
person 397 122 415 145
person 425 110 447 130
person 465 92 484 116
person 447 40 463 58
person 505 44 522 61
person 533 40 550 58
person 597 43 613 62
person 580 70 598 87
person 585 86 604 105
person 615 90 636 111
person 604 116 627 141
person 569 149 594 175
person 700 91 717 110
person 711 107 729 128
person 717 75 735 93
person 739 72 759 88
person 731 51 745 69
person 769 60 790 76
person 647 39 663 52
person 639 56 657 69
person 695 165 726 195
person 702 246 731 287
person 782 133 803 152
person 799 80 815 98
person 873 117 889 136
person 887 116 906 133
person 905 106 924 127
person 880 147 904 167
person 843 177 873 204
person 965 200 993 227
person 963 111 985 131
person 1010 130 1032 146
person 1063 148 1081 170
person 1144 192 1166 213
