person 967 114 981 137
person 916 116 931 141
person 956 143 974 173
person 949 172 973 206
person 925 215 958 259
person 896 140 914 170
person 866 163 888 200
person 843 204 871 244
person 847 131 863 157
person 824 120 841 144
person 802 158 825 189
person 789 117 808 141
person 822 70 833 83
person 824 79 838 100
person 758 71 770 87
person 785 75 797 94
person 782 87 795 109
person 772 96 791 120
person 735 94 752 119
person 732 116 751 142
person 746 146 769 179
person 778 185 808 230
person 701 127 721 159
person 708 156 734 191
person 693 90 708 111
person 684 50 693 62
person 718 52 727 65
person 717 59 728 74
person 738 52 748 67
person 660 55 671 71
person 674 67 686 83
person 664 115 679 134
person 648 63 660 79
person 638 54 646 69
person 614 55 623 68
person 602 58 612 74
person 627 61 638 77
person 644 73 658 91
person 608 89 621 111
person 614 78 626 94
person 629 128 652 161
person 627 167 654 201
person 594 119 612 147
person 562 150 587 187
person 567 60 580 76
person 531 61 542 75
person 545 63 555 76
person 527 73 540 90
person 545 78 561 96
person 564 74 577 89
person 574 82 588 101
person 580 94 593 115
person 508 68 520 82
person 481 74 496 89
person 504 74 520 90
person 499 87 513 109
person 528 95 545 118
person 506 114 524 139
person 508 148 531 181
person 437 72 449 88
person 445 83 457 102
person 463 84 476 105
person 422 98 437 121
person 439 120 459 144
person 364 96 376 110
person 389 98 404 118
person 373 118 387 138
person 386 126 400 146
person 394 126 415 152
person 344 116 361 140
person 285 122 301 144
person 165 181 206 222
