person 253 250 305 309
person 197 249 249 307
person 319 170 345 192
person 376 146 405 177
person 439 156 469 183
person 497 185 521 218
person 437 130 458 151
person 468 130 486 149
person 474 105 488 125
person 506 111 527 132
person 492 85 507 100
person 511 83 524 97
person 552 80 576 100
person 582 80 599 100
person 618 78 634 97
person 566 111 591 133
person 687 140 718 169
person 748 159 781 189
person 808 162 836 194
person 934 118 953 147
person 844 98 864 124
person 801 63 821 80
person 857 66 871 85
person 738 80 758 105
person 751 80 771 99
person 787 76 804 98
person 498 106 514 127
