person 50 266 79 300
person 382 159 403 181
person 420 143 441 170
person 415 172 439 197
person 453 148 474 170
person 467 148 486 172
person 455 172 477 199
person 487 176 511 204
person 495 158 516 180
person 518 172 548 204
person 532 149 556 175
person 524 128 545 151
person 552 111 569 129
person 567 115 583 131
person 557 128 575 148
person 580 97 595 114
person 601 96 615 114
person 595 144 615 169
person 634 124 655 147
person 632 97 647 114
person 644 107 660 124
person 647 86 660 104
person 664 98 679 116
person 675 89 687 108
person 684 110 701 129
person 696 94 711 114
person 702 79 716 97
person 729 76 743 94
person 738 74 752 94
person 745 82 762 103
person 728 93 747 114
person 717 110 736 132
person 776 91 792 110
person 787 88 800 104
person 795 81 808 98
person 812 83 829 102
person 827 89 844 107
person 829 72 841 90
person 821 68 836 86
person 867 77 883 93
person 763 71 777 87
person 762 138 786 164
person 756 162 784 194
person 686 174 714 205
person 654 195 687 227
person 719 212 751 251
person 827 173 857 211
person 852 145 873 172
person 856 125 876 149
person 903 136 929 167
person 887 99 906 125
person 912 88 933 110
person 932 94 953 116
person 935 157 962 189
person 960 149 983 175
person 946 196 975 235
person 1020 225 1056 273
person 1030 207 1067 244
person 1130 228 1161 262
person 1145 196 1169 222
person 1077 163 1105 192
person 1027 168 1051 195
person 1039 136 1060 159
person 1049 124 1069 146
person 1132 147 1158 177
person 1153 133 1173 157
person 1157 109 1177 132
person 1168 100 1188 122
person 1140 93 1156 114
person 1126 100 1144 121
person 1109 117 1130 144
person 1079 99 1097 121
person 1089 93 1104 109
person 1037 98 1057 120
person 1044 84 1059 100
person 998 120 1017 141
person 1009 102 1028 123
person 1006 83 1023 100
person 981 77 995 95
person 969 100 988 124
person 1087 323 1123 367
person 364 212 387 229
