person 86 369 198 456
person 223 353 300 429
person 316 307 398 383
person 219 443 351 560
person 230 570 394 734
person 366 405 437 497
person 417 365 483 444
person 477 401 568 503
person 507 349 582 437
person 581 348 636 421
person 630 401 705 496
person 574 497 679 614
person 728 440 810 534
person 736 354 805 435
person 714 277 761 327
person 657 252 708 310
person 599 235 646 288
person 581 223 624 273
person 492 134 551 214
person 775 258 821 319
person 798 298 845 347
person 794 325 856 381
person 808 369 884 462
person 907 408 992 485
person 889 345 956 422
person 873 261 929 325
person 973 282 1051 358
person 1084 258 1145 332
person 984 440 1098 548
