person 20 111 45 137
person 57 155 85 185
person 61 121 82 144
person 94 129 115 152
person 88 157 111 184
person 126 162 145 184
person 113 126 129 145
person 132 124 151 151
person 153 123 170 142
person 166 154 187 180
person 177 124 195 146
person 188 114 208 135
person 205 122 224 143
person 218 155 240 179
person 236 133 252 155
person 231 120 247 138
person 251 161 272 188
person 253 128 273 151
person 267 118 282 136
person 283 117 297 136
person 286 125 304 148
person 296 160 318 186
person 304 111 319 135
person 317 122 336 141
person 328 159 350 184
person 338 117 360 142
person 329 108 344 126
person 356 111 370 130
person 366 117 386 143
person 377 109 396 133
person 370 158 394 189
person 399 106 418 129
person 409 107 432 134
person 430 97 459 127
person 491 111 518 145
