person 2 662 88 778
person 135 664 266 799
person 51 601 111 671
person 4 612 61 669
person 110 600 161 659
person 192 610 252 664
person 236 608 281 664
person 281 642 383 745
person 272 597 309 634
person 384 630 452 704
person 378 604 440 655
person 476 419 592 544
person 463 701 758 1015
person 906 596 1111 821
person 1078 610 1173 752
person 859 356 1013 519
person 862 515 895 558
person 850 490 891 532
person 794 500 832 538
person 794 533 831 570
person 795 582 859 664
person 689 578 766 688
person 683 533 717 573
person 1165 563 1222 625
person 1089 571 1139 622
person 1055 562 1091 616
person 1103 504 1146 551
person 1143 486 1178 529
person 1184 516 1221 567
person 1194 486 1229 536
person 1235 463 1269 510
person 1272 526 1309 581
person 1218 508 1258 570
person 1273 490 1306 533
person 1315 473 1354 527
person 1309 541 1370 600
person 1309 586 1373 677
person 1192 684 1432 1014
person 1222 632 1322 751
person 1332 626 1522 858
person 1374 541 1477 670
person 1465 600 1524 678
person 1515 544 1607 670
person 1554 599 1699 786
person 1655 562 1757 711
person 1573 508 1637 593
person 1424 496 1457 545
person 1406 486 1437 536
person 1454 482 1496 532
person 1509 463 1546 518
person 1750 714 2000 1053
person 1788 571 2000 818
person 1746 548 1794 622
person 1700 510 1747 562
person 1752 496 1799 558
person 1770 470 1809 519
person 1851 471 1909 534
person 1881 456 1922 501
person 1962 463 2000 514
