person 69 449 114 489
person 69 429 98 459
person 172 404 205 445
person 198 428 234 464
person 267 407 289 434
person 290 390 311 421
person 299 414 332 444
person 313 439 352 486
person 336 391 359 415
person 375 396 401 424
person 390 381 413 407
person 438 382 460 410
person 470 387 509 433
person 422 462 475 520
person 419 424 456 468
person 505 372 524 395
person 504 399 528 434
person 552 387 579 422
person 605 381 630 405
person 596 368 618 389
person 592 424 631 463
person 649 409 687 443
person 698 389 721 419
person 713 369 735 399
person 731 375 755 408
person 722 475 788 565
person 812 437 869 501
person 826 392 865 439
person 835 362 871 401
person 882 389 921 425
person 908 372 938 406
