person 8 316 48 359
person 272 230 289 254
person 301 244 324 278
person 334 212 355 236
person 347 245 368 274
person 394 238 419 272
person 419 223 439 245
person 423 197 441 216
person 458 224 476 251
person 487 230 511 256
person 550 270 584 310
person 534 229 561 257
person 645 273 677 304
person 707 294 739 335
person 784 297 813 342
person 839 313 879 368
person 981 333 1016 378
person 1091 310 1122 355
person 1014 319 1046 359
person 936 284 971 328
person 861 280 890 313
person 785 252 808 286
person 635 237 662 267
person 603 213 622 239
person 465 182 483 201
person 490 182 506 201
person 513 167 528 183
person 533 178 552 200
person 571 179 588 202
person 605 180 620 200
person 620 186 636 209
person 633 170 648 191
person 650 173 674 190
person 675 186 693 211
person 697 175 716 199
person 824 251 846 277
person 976 240 1002 273
person 1030 248 1059 280
person 1008 229 1026 255
person 1056 240 1078 269
person 1132 242 1154 270
person 827 206 850 233
person 713 230 741 256
person 760 204 787 233
person 794 181 816 204
person 726 173 739 190
person 874 194 894 216
person 846 170 864 192
person 884 167 905 191
person 939 193 956 218
person 984 206 1003 232
person 1027 191 1045 212
person 1059 209 1077 233
person 1092 223 1114 248
person 1078 190 1098 210
person 1056 174 1072 202
person 1127 210 1143 234
person 993 181 1009 205
person 959 164 977 188
person 944 168 958 186
person 919 158 936 177
person 845 150 860 171
person 736 139 747 159
person 671 155 684 178
person 689 151 705 168
person 768 152 782 170
person 798 149 813 166
person 816 156 830 174
person 1132 193 1148 215
person 701 268 740 303
person 1012 211 1033 232
person 1017 173 1033 193
person 1109 208 1126 237
person 922 180 938 198
person 723 149 737 169
person 753 147 766 166
person 776 164 791 184
person 485 207 501 227
person 515 213 538 237
person 555 214 580 242
person 558 166 573 184
person 774 236 798 268
