person 192 419 288 526
person 382 426 475 525
person 611 458 695 562
person 798 304 865 389
person 932 324 999 406
person 1035 422 1125 537
person 1177 401 1261 526
person 1110 318 1164 395
person 1189 185 1261 259
person 1051 195 1112 268
person 939 203 993 270
person 879 170 933 244
person 809 171 865 245
person 750 213 814 284
person 669 299 733 384
person 645 179 699 256
person 692 157 742 229
person 534 182 599 252
person 447 294 528 391
person 422 208 483 283
person 369 200 419 263
person 311 201 364 274
person 281 311 352 394
person 179 201 240 272
