person 1144 480 1669 1123
person 2001 466 2404 906
person 2667 463 3121 1032
person 3667 512 4128 1027
person 3592 423 3918 837
person 3324 389 3601 720
person 3001 377 3204 632
person 2489 477 2724 749
person 2589 306 2798 537
person 2392 437 2489 546
person 2267 472 2435 660
person 1949 423 2061 563
person 2084 352 2255 537
person 1624 554 1807 769
person 1547 460 1707 629
person 961 529 1141 754
person 829 409 981 603
person 495 540 812 923
person 218 774 649 1232
person 224 460 467 732
person 475 363 715 614
person 704 437 867 654
