person 6 146 74 212
person 15 129 52 161
person 30 122 52 144
person 37 110 61 137
person 83 111 107 143
person 98 118 144 169
person 112 106 129 124
person 96 100 114 119
person 141 65 155 83
person 150 110 176 140
person 162 109 178 127
person 137 96 152 114
person 173 99 189 113
person 199 102 219 124
person 190 123 221 152
person 181 144 234 201
person 242 101 266 133
person 259 106 290 134
person 259 128 295 170
person 310 156 365 220
person 303 115 323 136
person 359 124 388 158
person 356 102 373 122
person 373 107 389 126
person 391 99 406 118
person 402 106 430 129
person 422 161 489 226
person 441 113 470 142
person 475 112 501 142
person 502 113 531 149
