person 802 315 842 364
person 4 689 53 763
person 58 692 130 774
person 128 653 190 715
person 194 670 257 736
person 253 687 323 752
person 152 739 216 827
person 190 730 285 824
person 237 750 345 867
person 329 705 408 800
person 254 629 324 707
person 423 689 519 807
person 462 623 534 702
person 559 599 611 672
person 525 739 627 849
person 611 720 693 817
person 603 654 671 727
person 720 628 773 692
person 821 698 911 787
person 854 641 947 737
person 911 616 961 674
person 936 581 1005 652
person 873 803 1021 948
person 1003 817 1166 949
person 635 844 806 947
person 474 859 630 946
person 1073 690 1183 802
person 1042 516 1100 575
