person 186 177 234 221
person 317 100 334 121
person 312 121 331 142
person 352 103 368 123
person 753 62 767 78
person 781 67 795 85
person 687 59 701 72
person 828 78 846 95
person 637 52 652 71
person 625 48 637 62
person 579 50 589 62
person 420 86 439 108
person 871 80 885 100
person 901 83 920 101
person 940 91 958 108
person 461 68 473 88
person 495 61 506 73
person 537 58 552 77
person 440 113 458 132
person 395 109 412 126
person 495 107 515 126
person 592 69 608 86
person 557 75 572 95
person 534 93 554 116
person 508 75 524 91
person 485 90 500 104
person 450 87 468 107
person 715 68 732 87
person 763 92 778 113
person 697 79 712 101
person 637 74 653 93
person 658 58 674 78
person 667 53 685 69
person 632 100 653 123
person 522 141 545 168
person 573 143 597 168
person 578 120 603 151
person 615 148 640 181
person 658 112 680 141
person 659 82 677 108
person 664 149 688 173
person 674 166 705 206
person 738 213 770 248
person 730 111 748 138
person 742 84 756 103
person 799 89 818 119
person 780 139 803 169
person 819 182 846 220
person 810 126 832 157
person 824 102 847 135
person 859 83 874 105
person 864 105 883 132
person 864 131 884 164
person 881 107 895 134
person 895 162 915 191
person 924 142 950 175
person 440 72 451 85
person 600 51 614 67
person 585 86 604 106
person 692 105 716 128
person 884 90 902 110
person 754 72 768 91
person 788 79 806 103
person 934 102 951 125
person 843 93 861 120
person 482 73 497 88
person 529 76 549 95
person 923 127 947 153
