person 85 229 123 272
person 268 165 289 180
person 292 158 311 179
person 313 148 330 170
person 339 152 355 171
person 358 163 379 185
person 411 173 434 197
person 337 127 353 146
person 365 121 379 138
person 370 138 388 157
person 392 130 410 148
person 440 126 455 145
person 472 128 489 148
person 519 131 542 153
person 513 110 532 127
person 491 111 507 128
person 473 108 491 125
person 448 105 464 121
person 429 100 443 114
person 484 95 498 109
person 476 83 489 97
person 505 93 521 111
person 501 84 514 97
person 514 78 525 92
person 531 97 547 112
person 559 95 578 112
person 568 115 590 134
person 602 92 619 111
person 611 85 626 102
person 585 78 597 92
person 556 76 570 91
person 603 63 614 76
person 621 74 633 88
person 656 81 672 96
person 632 58 644 72
person 654 57 667 71
person 675 59 689 75
person 670 71 682 86
person 710 69 724 85
person 725 78 738 92
person 730 57 743 74
person 511 167 538 192
person 585 164 615 192
person 594 134 616 158
person 635 142 661 170
person 634 187 660 219
person 705 187 734 219
person 745 163 768 192
person 713 139 737 164
person 699 120 718 142
person 657 108 675 129
person 686 100 702 121
person 732 123 755 146
person 729 98 749 118
person 753 81 767 97
person 773 85 788 105
person 811 155 840 188
person 802 128 823 153
person 779 115 802 138
person 783 68 795 84
person 791 62 807 76
person 813 76 828 92
person 798 89 817 109
person 841 107 859 123
person 869 95 883 111
person 876 74 890 94
person 856 66 872 84
person 840 74 855 88
person 835 64 851 83
person 904 80 917 99
person 921 85 932 100
person 923 72 935 85
person 953 73 964 89
person 991 95 1005 112
person 981 153 1002 179
person 925 125 942 150
person 929 112 946 133
person 928 101 943 116
person 943 101 960 115
person 893 106 912 128
person 946 89 961 103
