person 147 168 198 216
person 297 114 307 132
person 586 46 597 60
person 597 49 609 60
person 622 49 634 65
person 556 50 569 63
person 520 56 534 73
person 483 51 496 64
person 660 56 675 70
person 447 60 458 75
person 388 77 402 92
person 324 98 340 117
person 298 102 314 117
person 385 98 401 114
person 416 101 434 117
person 458 73 475 91
person 480 69 497 90
person 502 69 521 86
person 539 62 558 81
person 521 86 543 109
person 567 66 584 86
person 604 68 620 87
person 632 66 649 83
person 451 101 475 127
person 717 69 733 87
person 740 63 756 79
person 486 132 517 159
person 547 135 568 166
person 554 141 595 181
person 579 122 604 150
person 600 94 620 117
person 624 96 650 126
person 669 87 688 108
person 677 108 698 134
person 639 126 665 153
person 652 152 681 192
person 688 193 717 221
person 752 101 775 123
person 754 81 770 98
person 727 91 747 111
person 797 71 812 90
person 833 72 847 91
person 866 80 880 100
person 892 80 904 102
person 809 94 825 118
person 752 134 781 170
person 780 108 806 136
person 832 91 851 113
person 883 108 906 132
person 825 125 843 153
person 772 173 802 206
person 876 137 899 171
person 865 180 889 206
person 836 202 870 240
person 434 72 447 88
person 497 60 514 72
person 521 73 537 92
person 578 51 597 74
person 557 80 572 101
person 718 59 732 74
person 770 84 791 112
person 793 151 821 182
person 827 106 847 134
person 882 92 903 119
person 397 85 411 99
person 619 64 634 81
person 554 112 576 140
