person 2 1355 139 1542
person 146 1335 342 1618
person 306 1428 496 1618
person 436 1368 549 1468
person 402 1292 489 1402
person 676 1328 789 1438
person 786 1205 862 1295
person 842 1372 969 1535
person 949 1248 1036 1342
person 1216 1338 1369 1512
person 1142 1225 1239 1332
person 1482 1392 1606 1515
person 1362 1445 1476 1578
person 1009 1432 1139 1602
person 1382 1222 1466 1322
person 942 1798 1209 2132
person 1699 2075 2062 2442
person 2252 1828 2448 2097
person 1849 1625 2086 1908
person 1622 1538 1802 1745
person 1899 1275 2016 1392
person 2142 1372 2259 1525
person 1986 1538 2109 1685
person 2059 1555 2232 1765
person 2276 1432 2346 1538
