person 406 314 512 413
person 577 253 671 351
person 583 193 640 251
person 355 229 404 277
person 236 204 300 262
person 117 222 188 303
person 123 192 172 244
person 61 219 116 272
person 101 145 133 180
person 86 130 116 159
person 46 127 73 154
person 51 110 70 133
person 22 133 51 162
person 155 150 186 181
person 178 166 211 193
person 183 120 205 147
person 221 140 243 163
person 261 137 278 159
person 261 182 290 216
person 314 160 346 194
person 310 129 332 150
person 335 148 361 182
person 348 130 369 153
person 371 137 394 163
person 384 159 409 185
person 420 155 444 184
person 402 132 429 154
person 442 141 458 160
person 482 152 501 177
person 448 172 475 204
person 483 134 503 153
person 509 126 526 147
person 523 147 545 172
person 539 163 570 198
person 530 131 547 152
person 545 138 567 163
person 583 151 605 172
person 632 170 659 195
person 639 150 661 175
person 688 200 746 250
person 705 174 730 200
person 704 156 724 179
person 722 156 745 184
person 764 164 785 191
person 775 203 800 241
