person 367 177 387 198
person 405 161 433 190
person 510 168 537 198
person 355 121 373 140
person 385 109 398 121
person 386 123 403 140
person 418 128 432 146
person 476 127 495 150
person 423 111 438 126
person 494 127 514 149
person 483 107 500 130
person 517 112 530 131
person 572 68 594 93
person 609 74 621 90
person 663 141 687 169
person 751 104 770 126
person 796 132 819 161
person 809 90 827 111
person 992 136 1013 161
person 499 99 518 121
person 422 98 437 120
person 469 104 486 129
