person 259 135 275 153
person 275 101 293 119
person 327 140 346 159
person 329 126 346 141
person 360 115 380 134
person 362 130 382 150
person 373 147 395 170
person 343 154 361 172
person 400 158 429 189
person 415 118 434 143
person 398 107 415 126
person 383 102 396 120
person 433 117 452 134
person 448 100 465 121
person 464 103 482 123
person 480 121 505 157
person 505 74 519 88
person 518 83 531 100
person 498 106 520 126
person 532 103 551 125
person 551 110 572 135
person 557 81 573 103
person 580 86 597 106
person 612 88 629 108
person 595 66 608 83
person 605 32 618 44
person 626 77 640 94
person 642 80 657 96
person 675 73 689 88
person 647 70 662 85
person 686 63 698 81
person 718 64 732 81
person 743 31 760 54
person 750 83 766 102
person 773 66 789 85
person 740 100 759 121
person 731 83 747 101
person 700 111 722 137
person 665 111 688 141
person 598 152 630 188
person 496 187 528 215
person 638 181 673 215
person 635 158 658 184
person 693 143 726 182
person 754 160 783 193
person 749 144 776 170
person 785 104 807 129
person 808 118 833 145
person 786 91 801 109
person 806 73 824 93
person 827 85 841 101
person 842 92 862 115
person 880 81 896 98
person 888 95 902 113
person 879 117 900 142
person 856 132 878 165
person 796 182 825 211
person 888 164 914 203
person 888 148 913 174
person 965 159 988 189
person 956 125 980 152
person 938 106 954 129
person 933 87 949 108
