person 161 153 198 192
person 250 105 267 125
person 313 118 332 140
person 315 99 330 117
person 376 133 402 158
person 374 114 395 135
person 365 95 381 112
person 360 79 374 94
person 379 75 396 95
person 406 102 423 121
person 405 84 419 101
person 411 66 421 80
person 433 98 451 121
person 455 101 476 125
person 441 91 457 109
person 445 71 457 90
person 432 68 444 81
person 453 62 467 80
person 466 56 479 71
person 482 62 494 76
person 487 57 498 69
person 479 84 498 104
person 489 78 501 94
person 506 87 525 108
person 506 61 519 74
person 514 56 524 69
person 528 35 538 49
person 540 57 553 70
person 547 74 564 95
person 573 71 591 91
person 565 59 578 75
person 577 59 592 74
person 572 50 583 61
person 591 49 601 60
person 592 58 602 69
person 606 45 620 57
person 622 51 636 68
person 638 59 653 72
person 638 48 652 61
person 530 114 553 139
person 579 116 603 144
person 591 93 607 112
person 617 88 633 110
person 615 128 639 158
person 666 110 688 132
person 654 82 670 101
person 677 89 693 108
person 685 81 700 98
person 685 63 700 81
person 703 64 716 81
person 716 61 728 77
person 731 67 745 83
person 741 56 753 70
person 678 120 705 157
person 711 129 731 154
person 704 94 724 117
person 736 102 753 120
person 746 75 759 91
person 772 59 786 76
person 774 79 786 98
person 786 78 798 95
person 794 69 805 84
person 810 88 824 109
person 792 96 807 118
person 785 113 803 139
person 778 151 804 183
person 809 135 828 162
person 848 165 871 203
person 832 112 848 131
person 861 129 884 158
person 867 114 884 137
person 875 91 889 108
person 884 99 897 118
person 846 84 861 99
person 835 70 847 86
