person 1068 104 1084 125
person 1055 118 1073 145
person 1028 137 1049 169
person 1083 135 1110 171
person 1115 114 1134 139
person 995 107 1021 137
person 1050 190 1078 234
person 1150 148 1171 186
person 1133 191 1156 224
person 1084 233 1123 279
person 1006 204 1047 260
person 949 178 977 215
person 901 91 920 119
person 947 101 966 126
person 878 143 902 178
person 842 148 866 184
person 811 131 835 163
person 730 99 751 128
person 750 64 762 80
person 760 150 783 186
person 695 159 724 189
person 636 116 654 144
person 567 137 587 161
person 582 138 605 165
person 418 148 434 169
person 476 145 495 172
person 494 147 514 172
person 499 133 520 153
person 210 318 258 369
