person 38 177 98 252
person 57 162 103 215
person 102 164 132 208
person 185 164 219 203
person 177 111 197 133
person 289 163 317 198
person 314 155 338 186
person 321 147 333 163
person 343 156 374 198
person 346 145 369 168
person 361 141 375 159
person 383 176 422 223
person 408 147 428 172
person 397 142 415 166
person 448 151 469 174
person 443 153 454 168
person 433 179 494 258
person 480 173 527 229
person 480 158 505 184
person 473 149 492 168
person 499 141 515 163
person 522 146 540 168
person 550 119 567 142
