person 53 196 86 230
person 58 147 80 173
person 33 136 57 162
person 62 115 79 136
person 81 115 100 140
person 96 119 115 144
person 79 140 100 165
person 112 136 133 159
person 117 185 143 214
person 132 122 151 146
person 155 108 172 130
person 172 128 187 150
person 157 144 180 171
person 158 186 186 218
person 190 147 210 173
person 185 128 200 149
person 176 115 194 137
person 204 118 220 138
person 227 120 243 142
person 233 151 255 180
person 213 188 236 214
person 259 186 282 216
person 262 145 283 172
person 263 120 280 142
person 246 115 262 135
person 286 117 305 142
person 293 154 314 179
person 313 134 333 157
person 333 130 350 154
person 335 118 349 133
person 352 122 374 142
person 349 135 371 159
person 369 132 387 154
person 382 115 399 138
person 401 127 420 151
person 416 109 436 135
person 457 113 481 140
person 445 135 469 161
person 434 182 461 213
person 390 168 414 200
person 345 181 364 209
person 315 191 336 215
