person 32 263 121 360
person 5 239 51 297
person 53 210 92 247
person 23 183 53 216
person 64 140 99 173
person 120 196 158 236
person 144 223 199 282
person 117 132 156 168
person 178 173 202 197
person 224 175 247 197
person 233 121 249 143
person 253 184 273 208
person 269 174 291 199
person 321 180 343 205
person 318 210 351 241
person 267 267 345 339
person 310 165 333 196
person 311 131 328 153
person 337 138 352 158
person 360 183 386 211
person 346 161 367 183
person 382 163 399 185
person 386 138 406 160
person 413 178 434 201
person 385 200 419 238
person 417 168 428 184
person 434 164 448 182
person 441 173 459 193
person 470 128 509 165
person 455 207 490 258
person 528 186 555 214
person 539 174 556 194
person 554 174 573 198
person 534 219 593 288
person 587 220 631 266
person 566 190 603 229
person 619 196 649 231
person 622 162 642 188
person 633 173 651 197
