person 121 596 191 685
person 119 580 175 624
person 105 554 148 604
person 85 546 127 588
person 60 532 92 574
person 44 525 69 555
person 34 507 61 537
person 114 510 143 543
person 146 526 174 559
person 158 509 181 535
person 181 508 200 537
person 184 530 220 564
person 186 545 223 590
person 219 538 263 593
person 227 519 255 551
person 259 523 289 564
person 258 570 307 639
person 306 595 376 676
person 295 541 329 586
person 327 551 369 597
person 331 505 354 534
person 317 494 338 522
person 369 507 394 532
person 388 516 417 549
person 399 568 449 637
person 474 595 542 684
person 428 525 456 563
person 434 501 458 531
person 450 505 467 532
person 459 522 482 553
person 482 528 511 567
person 471 512 490 529
person 504 525 526 557
person 530 534 559 577
person 527 507 548 535
person 561 528 596 569
person 597 544 638 595
person 626 537 654 580
person 617 520 642 544
person 594 510 610 528
person 556 520 578 541
person 557 510 577 527
person 637 509 656 534
person 638 525 656 553
person 672 560 713 614
person 670 537 706 572
person 706 538 734 579
person 675 528 708 556
person 665 513 692 540
person 685 500 707 520
person 802 558 852 616
person 785 543 818 577
person 761 544 788 580
person 757 530 783 559
person 748 522 773 548
person 732 519 750 541
person 743 510 759 529
person 754 506 768 527
person 763 513 781 534
person 785 511 807 534
person 797 525 818 547
person 817 529 849 565
person 819 509 838 532
person 854 527 879 556
person 855 510 876 532
person 888 512 904 534
person 900 544 948 606
person 884 530 922 570
person 943 543 979 593
person 960 522 985 555
person 913 518 940 548
person 933 515 949 534
person 1004 523 1031 553
person 994 509 1014 534
person 1020 548 1071 614
person 1018 532 1052 569
person 1032 518 1054 548
person 1056 518 1077 549
person 1071 518 1090 546
person 1098 547 1134 600
person 1106 518 1131 551
person 1138 535 1178 589
person 1182 523 1210 556
person 1152 519 1181 552
person 1138 508 1166 540
person 1210 536 1255 588
person 1253 535 1291 587
person 1232 516 1267 554
