person 243 1304 543 1624
person 391 1160 574 1336
person 296 1204 416 1324
person 272 1136 384 1229
person 611 1170 762 1336
person 699 1146 828 1277
person 860 1214 984 1365
person 940 1219 1145 1431
person 1082 1224 1360 1529
person 1487 1214 1621 1360
person 1404 1160 1511 1270
person 1499 875 1601 987
person 1594 1138 1689 1263
person 1677 1185 1794 1319
person 1767 1138 1879 1285
person 1584 1338 2001 1836
person 2043 1226 2272 1468
person 1987 1185 2104 1360
person 2038 1148 2143 1275
person 2148 1151 2240 1236
person 2274 1187 2428 1368
person 2316 1153 2413 1282
person 2489 1185 2604 1302
person 2621 1175 2718 1297
person 2704 1163 2791 1277
person 2813 1158 2926 1304
person 2906 1238 3043 1399
person 2599 1277 2809 1468
person 3043 1263 3252 1592
person 2982 1170 3084 1297
person 3104 1158 3213 1290
