person 461 218 534 295
person 430 180 453 205
person 407 196 436 228
person 386 183 404 204
person 360 193 377 212
person 330 190 341 202
person 313 189 330 206
person 288 189 321 226
person 236 197 256 219
person 232 167 243 182
person 208 198 241 231
person 193 187 215 213
person 158 208 201 250
person 138 198 166 226
person 152 191 169 208
person 179 186 197 208
person 134 185 151 201
person 114 182 135 201
person 73 191 107 223
person 62 185 71 199
person 47 200 64 217
person 49 187 60 201
person 43 187 51 197
person 25 184 42 201
person 10 181 21 193
person 253 190 266 203
person 198 166 209 176
person 528 202 548 230
person 518 194 534 213
person 516 185 531 202
person 536 185 550 206
