person 725 191 761 236
person 763 156 790 184
person 685 162 710 184
person 634 218 678 259
person 487 243 536 294
person 484 214 518 248
person 527 192 552 224
person 499 174 517 198
person 455 207 480 230
person 461 182 476 203
person 573 186 593 209
person 594 181 609 196
person 605 166 621 185
person 563 176 578 194
person 555 163 577 182
person 538 177 554 201
person 403 142 417 156
person 311 203 328 219
person 369 151 381 164
person 354 152 367 163
person 330 160 345 171
person 334 144 345 153
person 313 151 324 160
person 294 147 305 159
person 293 158 306 173
person 280 169 296 182
person 268 152 284 168
person 258 136 269 147
person 233 136 247 147
person 240 157 258 174
person 215 164 232 178
person 212 137 224 151
person 182 144 197 159
person 157 149 171 162
person 156 127 172 141
person 129 132 145 144
person 72 129 90 147
person 107 136 122 154
person 57 112 70 124
person 12 114 28 130
person 26 143 41 158
person 1 147 17 165
person 66 297 139 365
person 159 231 189 259
person 208 221 234 253
person 227 217 265 258
person 266 245 291 272
person 264 196 280 214
person 211 186 227 205
person 175 167 197 187
person 119 214 143 241
person 100 187 123 210
person 88 151 107 167
person 64 157 84 180
person 83 210 101 230
person 28 220 64 249
person 25 248 68 281
person 2 290 44 365
person 1 207 18 240
person 3 189 24 213
person 6 176 32 199
