person 201 166 234 204
person 277 123 295 145
person 381 103 399 124
person 363 128 383 148
person 396 90 412 106
person 422 85 440 104
person 483 70 495 84
person 399 107 417 128
person 383 144 402 166
person 429 116 450 139
person 435 86 455 112
person 502 71 515 96
person 513 68 526 83
person 502 93 519 115
person 538 72 548 85
person 527 94 545 116
person 480 106 502 128
person 457 137 478 166
person 494 128 515 152
person 576 97 595 118
person 571 74 583 92
person 581 77 591 94
person 603 62 614 78
person 612 66 626 85
person 628 59 639 74
person 646 62 659 77
person 601 92 617 116
person 633 89 653 111
person 675 56 690 74
person 696 60 709 76
person 716 62 727 75
person 730 58 743 72
person 578 149 607 177
person 604 129 629 151
person 654 106 669 131
person 642 134 674 165
person 690 115 707 137
person 696 151 718 179
person 727 100 746 118
person 744 76 764 100
person 782 66 797 81
person 770 83 789 97
person 762 100 779 120
person 781 99 801 112
person 773 115 793 139
person 755 138 779 167
person 793 151 819 179
person 802 76 813 89
person 829 73 841 87
person 811 85 832 101
person 815 112 833 134
person 847 75 859 92
person 855 83 876 99
person 862 92 880 110
person 864 106 881 129
person 865 129 888 149
person 853 164 885 191
person 893 141 912 172
person 884 105 898 120
person 881 79 896 97
person 910 91 924 110
person 924 85 935 97
person 942 87 952 107
person 932 115 943 135
person 934 204 958 233
person 948 161 969 189
person 953 129 972 155
person 963 122 981 149
person 979 118 997 142
person 981 100 993 112
person 836 79 850 95
person 747 101 769 123
person 676 73 687 85
person 743 123 772 147
