person 1 281 23 321
person 186 334 252 413
person 176 293 208 329
person 162 272 183 298
person 147 253 171 283
person 200 256 222 285
person 217 242 240 274
person 233 263 258 290
person 240 283 271 319
person 272 302 306 344
person 350 327 410 396
person 334 301 364 342
person 307 276 334 305
person 318 263 338 284
person 344 259 361 281
person 377 264 406 295
person 391 248 413 275
person 425 234 447 261
person 424 269 446 298
person 444 272 476 312
person 483 267 508 298
person 465 327 528 400
person 508 252 529 277
person 532 269 564 311
person 549 250 571 273
person 579 255 601 281
person 583 286 617 326
person 603 265 628 299
person 635 258 658 282
person 651 268 678 299
person 654 285 690 326
person 637 322 680 373
person 702 321 746 372
person 756 274 787 311
person 777 313 800 369
