person 19 190 127 287
person 58 166 118 214
person 1 155 35 208
person 6 136 40 172
person 29 127 55 157
person 47 130 73 165
person 50 118 75 141
person 77 147 109 183
person 113 148 143 181
person 108 137 129 158
person 125 129 153 158
person 150 134 170 159
person 165 137 190 161
person 194 146 221 171
person 175 187 237 257
person 261 179 314 242
person 224 161 250 192
person 247 156 267 177
person 222 136 241 158
person 238 136 251 154
person 252 139 264 154
person 258 148 271 165
person 268 157 286 177
person 295 148 310 164
person 281 140 298 160
person 293 173 321 200
person 312 160 331 186
person 328 146 341 161
person 339 148 353 168
person 351 154 367 172
person 337 168 357 191
person 360 161 384 195
person 374 187 390 207
person 380 156 392 173
person 392 157 402 172
person 402 159 420 181
person 414 159 428 179
person 437 176 465 209
person 475 181 501 209
person 462 164 482 190
person 478 161 493 175
person 449 161 462 180
person 438 162 450 177
person 429 155 436 168
person 593 130 612 154
