person 104 178 122 197
person 197 246 247 303
person 247 209 282 259
person 200 129 223 152
person 360 146 380 174
person 380 146 398 168
person 444 154 463 181
person 435 124 454 143
person 468 125 487 143
person 492 110 508 126
person 469 101 486 122
person 484 100 497 114
person 480 84 490 97
person 490 84 503 95
person 497 87 512 103
person 506 71 519 87
person 532 89 548 112
person 551 75 569 91
person 579 81 597 99
person 613 79 628 98
person 590 57 603 71
person 556 109 576 129
person 488 176 517 211
person 685 131 705 159
person 710 88 729 108
person 744 78 761 98
person 770 87 783 103
person 776 77 794 97
person 791 56 804 72
person 850 66 864 85
person 831 102 851 125
person 790 94 806 117
person 744 156 768 189
person 791 168 817 196
person 915 118 934 146
person 1018 75 1035 104
