person 167 181 212 234
person 310 96 322 109
person 313 116 329 138
person 337 113 354 137
person 356 90 374 108
person 372 96 390 114
person 388 80 402 93
person 413 86 426 100
person 423 73 435 92
person 422 115 442 133
person 452 89 467 107
person 452 65 464 79
person 469 63 482 79
person 482 70 495 85
person 477 109 494 132
person 505 92 521 108
person 521 79 538 97
person 525 92 541 112
person 544 89 560 102
person 545 59 559 75
person 554 50 567 63
person 585 53 598 68
person 602 59 616 79
person 624 59 634 77
person 635 45 645 59
person 657 50 668 64
person 676 48 686 62
person 687 21 699 36
person 550 111 572 134
person 560 132 584 162
person 593 110 610 128
person 585 130 604 146
person 625 175 648 209
person 638 138 660 166
person 636 81 651 101
person 674 77 687 94
person 696 70 709 85
person 708 82 722 103
person 726 60 740 77
person 760 64 770 80
person 771 71 785 86
person 718 102 732 120
person 677 116 698 137
person 732 117 751 144
person 763 108 780 126
person 707 151 733 179
person 721 186 751 224
person 743 158 768 191
person 782 192 806 230
person 799 156 825 186
person 824 211 862 249
person 862 159 883 194
person 771 133 793 155
person 826 137 843 163
person 843 119 858 141
person 877 141 898 164
person 892 107 906 132
person 483 37 493 51
person 498 66 508 80
