person 7 369 64 433
person 8 338 44 375
person 5 316 38 345
person 95 304 128 335
person 135 339 188 394
person 169 403 215 466
person 186 457 288 570
person 230 305 260 339
person 278 317 306 350
person 293 329 333 370
person 307 305 334 332
person 380 309 405 332
person 396 324 426 355
person 367 355 419 398
person 455 366 502 420
person 469 339 513 385
person 492 305 522 341
person 538 326 572 367
person 536 307 558 326
person 610 323 661 382
person 568 346 605 392
person 548 396 633 475
person 694 330 730 369
person 727 352 770 388
person 703 307 725 329
person 727 317 759 347
person 742 300 766 326
person 503 252 523 273
