person 24 180 67 228
person 61 158 101 193
person 86 148 113 178
person 119 132 144 160
person 58 133 81 159
person 37 133 62 158
person 5 127 31 149
person 230 180 263 213
person 249 206 305 258
person 287 221 357 299
person 315 198 358 243
person 307 171 341 206
person 298 159 320 188
person 217 163 246 193
person 212 140 232 164
person 230 141 250 165
person 246 156 269 184
person 275 153 297 179
person 234 112 254 139
person 318 149 337 169
person 332 156 349 178
person 353 164 380 198
person 357 152 377 177
person 375 159 394 183
person 387 179 416 216
person 407 203 458 258
person 455 240 512 307
person 382 321 494 419
person 606 251 681 331
person 560 213 609 267
person 539 181 573 214
person 544 161 570 192
person 504 174 531 203
person 495 210 530 250
person 475 189 503 221
person 436 181 462 209
person 412 173 437 197
person 420 150 447 172
person 448 160 470 183
person 471 154 491 183
person 492 160 511 181
person 590 173 618 202
person 636 179 657 208
person 652 196 680 222
