person 932 90 944 108
person 925 110 938 130
person 918 120 932 142
person 915 128 930 150
person 908 143 928 171
person 873 118 889 139
person 876 104 893 127
person 892 95 904 115
person 898 87 907 105
person 906 88 914 104
person 888 168 906 204
person 839 152 859 176
person 865 77 878 97
person 863 85 875 104
person 854 91 867 110
person 841 97 855 121
person 829 108 844 130
person 831 81 842 98
person 817 91 830 110
person 778 105 794 127
person 790 90 803 108
person 799 104 814 124
person 791 143 812 171
person 801 137 816 159
person 818 181 845 218
person 729 170 758 209
person 745 63 757 79
person 743 74 757 93
person 761 62 770 77
person 773 69 784 84
person 764 92 777 111
person 732 91 744 109
person 703 114 722 136
person 691 102 704 125
person 698 83 712 104
person 712 70 726 89
person 689 62 699 78
person 699 64 708 77
person 666 62 674 74
person 666 88 682 111
person 631 101 648 125
person 653 106 670 133
person 659 131 676 156
person 651 52 659 65
person 625 52 633 65
person 603 54 612 65
person 630 73 641 88
person 643 80 655 94
person 618 70 630 87
person 644 67 654 79
person 617 61 628 74
person 585 61 593 75
person 595 70 609 88
person 568 69 580 86
person 566 91 581 112
person 551 88 563 106
person 578 122 597 150
person 609 123 628 150
person 606 145 635 181
person 662 169 691 207
person 569 141 593 172
person 512 145 534 175
person 526 93 542 112
person 525 78 539 96
person 503 66 514 79
person 481 73 492 87
person 497 76 510 94
person 453 69 465 86
person 434 76 443 91
person 459 77 472 93
person 414 93 426 110
person 399 105 415 128
person 440 90 453 111
person 467 97 483 120
person 438 106 454 129
person 464 123 486 145
person 119 200 160 248
person 315 102 329 119
person 346 101 358 120
person 307 122 321 141
