person 163 182 205 227
person 201 199 234 237
person 257 160 281 181
person 299 149 320 170
person 319 121 337 147
person 335 138 353 158
person 360 160 383 177
person 352 120 371 139
person 384 146 403 159
person 380 126 404 143
person 397 108 418 133
person 421 94 439 112
person 441 101 460 120
person 448 119 470 145
person 472 128 493 151
person 487 141 512 162
person 499 115 520 139
person 500 98 521 120
person 473 96 490 117
person 462 107 479 125
person 462 82 480 104
person 489 83 505 102
person 506 72 521 93
person 525 81 535 94
person 536 82 550 101
person 531 93 546 112
person 535 112 560 134
person 571 88 592 109
person 600 93 622 116
person 558 68 578 86
person 582 53 601 72
person 623 64 636 81
person 640 75 662 101
person 653 58 665 74
person 654 51 671 64
person 663 62 680 79
person 682 51 695 70
person 704 61 721 79
person 726 48 746 68
person 522 160 548 192
person 548 192 580 226
person 591 136 615 165
person 629 144 658 180
person 614 195 647 237
person 688 199 724 238
person 687 162 717 196
person 662 110 683 137
person 689 113 715 143
person 697 91 724 118
person 719 118 742 149
person 727 98 748 121
person 769 160 794 196
person 793 166 826 198
person 815 117 838 144
person 781 110 801 132
person 765 100 782 118
person 734 76 752 98
person 759 76 776 95
person 776 84 794 107
person 793 94 808 113
person 794 75 811 96
person 846 134 873 167
person 830 101 851 127
person 859 88 875 115
person 848 63 866 83
person 836 77 853 96
person 824 67 837 83
person 805 68 822 88
person 794 58 805 72
person 775 65 791 83
person 879 72 900 91
person 890 87 907 105
person 884 97 903 121
person 924 114 949 139
person 920 93 935 115
person 913 75 928 99
person 938 90 954 114
person 939 81 957 98
person 946 75 961 90
person 981 84 995 105
person 978 108 992 132
person 964 119 986 140
person 961 146 990 175
