person 199 197 234 254
person 364 98 378 117
person 417 125 438 149
person 469 131 488 149
person 453 120 471 139
person 505 124 524 147
person 522 97 535 112
person 549 116 572 136
person 478 97 492 119
person 452 92 471 113
person 421 95 443 110
person 499 75 512 89
person 521 72 538 89
person 562 53 571 71
person 575 71 588 83
person 567 84 583 107
person 626 86 645 104
person 610 64 624 84
person 604 88 618 108
person 632 65 648 83
person 643 50 658 62
person 709 56 723 72
person 727 67 741 81
person 749 64 763 75
person 748 100 769 120
person 667 123 688 140
person 626 137 638 156
person 642 141 670 163
person 643 169 675 201
person 735 178 762 211
person 768 156 795 192
person 804 131 822 158
person 779 105 798 120
person 775 73 791 94
person 818 83 831 103
person 829 70 845 85
person 850 83 861 99
person 832 103 847 119
person 891 83 903 100
person 903 38 920 52
person 928 92 946 107
person 921 105 938 119
person 958 102 979 123
person 998 86 1013 101
person 1008 104 1023 126
person 997 127 1013 152
person 983 158 1004 180
person 925 146 943 173
person 951 133 971 159
person 893 164 915 191
person 912 191 933 222
person 690 69 705 85
person 666 66 679 87
person 792 128 810 146
person 838 137 858 155
person 886 136 912 162
person 881 97 900 118
person 740 88 757 109
person 688 112 710 128
person 535 102 553 125
person 499 87 514 108
person 428 83 447 101
