person 7 90 36 119
person 40 90 62 117
person 120 120 148 153
person 115 90 143 117
person 114 74 134 93
person 134 81 153 100
person 180 68 196 87
person 200 71 218 92
person 214 74 236 100
person 231 65 245 84
person 242 79 262 106
person 257 60 314 126
person 315 69 340 94
person 312 60 325 70
person 331 62 345 78
person 365 72 389 92
person 399 63 414 82
person 416 60 428 76
person 434 61 450 81
person 450 53 461 73
person 400 90 438 139
person 460 76 486 109
person 482 101 532 153
person 521 83 549 120
person 493 72 514 100
person 512 68 536 100
