person 121 362 169 414
person 975 335 1009 387
person 831 338 879 390
person 643 283 669 314
person 696 301 735 346
person 750 308 795 363
person 1127 187 1145 209
person 1057 174 1072 197
person 1009 174 1028 192
person 972 165 987 187
person 936 161 955 182
person 893 159 910 180
person 809 144 822 161
person 719 141 731 159
person 664 152 677 175
person 679 152 695 170
person 753 145 768 163
person 761 153 782 173
person 841 170 864 192
person 877 170 893 194
person 765 175 785 196
person 696 162 713 180
person 938 192 957 221
person 972 204 998 231
person 1012 215 1030 244
person 1046 228 1061 256
person 1036 186 1053 204
person 1071 187 1092 214
person 1062 214 1084 245
person 1096 227 1116 248
person 1120 213 1138 235
person 1093 204 1117 229
person 1117 244 1139 270
person 828 201 853 228
person 799 199 817 224
person 753 204 786 230
person 693 187 713 207
person 724 170 741 189
person 606 180 620 197
person 550 165 574 183
person 647 169 669 192
person 646 194 668 217
person 464 175 481 199
person 505 180 523 197
person 546 192 568 210
person 558 213 586 232
person 602 221 626 242
person 412 203 438 221
person 331 213 354 231
person 262 231 284 252
person 303 232 326 261
person 385 234 417 273
person 477 223 503 256
person 520 227 543 255
person 641 244 667 273
person 562 273 593 307
person 706 255 738 290
person 710 225 738 249
person 769 252 802 280
person 820 251 844 276
person 858 269 892 303
person 933 285 969 328
person 965 242 1000 275
person 1022 258 1055 303
person 1098 309 1134 352
person 474 203 503 233
person 495 200 520 228
person 617 186 647 219
person 805 158 825 179
person 414 225 434 254
person 619 172 639 194
