person 52 228 100 282
person 271 159 289 179
person 312 142 329 163
person 319 148 338 171
person 355 156 376 181
person 348 139 371 166
person 340 123 354 144
person 366 124 384 142
person 375 133 392 152
person 396 130 417 148
person 410 110 430 131
person 443 122 460 143
person 445 147 478 182
person 495 134 516 161
person 475 122 491 148
person 437 96 453 110
person 448 106 465 122
person 484 92 498 112
person 490 104 512 129
person 514 110 532 132
person 508 91 524 112
person 480 82 494 99
person 497 85 511 103
person 518 72 533 88
person 559 89 574 115
person 557 77 572 94
person 563 71 577 90
person 574 102 595 128
person 569 93 586 113
person 589 75 602 92
person 596 63 610 80
person 610 78 626 99
person 603 94 622 115
person 626 63 639 77
person 629 53 643 68
person 668 54 680 64
person 666 65 678 79
person 681 68 693 87
person 694 52 703 68
person 662 78 678 97
person 636 114 657 137
person 600 131 623 155
person 592 158 616 187
person 515 164 542 193
person 613 196 646 230
person 641 141 674 176
person 691 123 716 146
person 688 99 709 120
person 698 143 723 176
person 703 199 739 239
person 743 157 774 190
person 738 122 761 149
person 752 100 771 124
person 734 77 752 104
person 713 66 734 84
person 725 61 741 77
person 775 73 789 93
person 791 65 806 89
person 801 62 812 78
person 818 70 835 90
person 831 67 843 86
person 849 76 861 93
person 792 92 807 114
person 782 106 802 132
person 802 121 828 152
person 808 95 827 115
person 849 97 870 116
person 867 90 882 111
person 862 76 876 92
person 890 79 908 97
person 916 68 933 85
person 920 91 936 109
person 901 93 916 109
person 894 102 913 123
person 923 124 941 154
person 948 105 966 127
person 959 71 971 92
person 958 94 970 108
person 988 88 999 103
person 982 97 997 117
person 985 109 1002 129
person 980 151 1002 180
person 866 131 893 162
person 831 156 858 188
