person 70 316 116 371
person 143 272 180 319
person 163 258 193 294
person 64 295 97 330
person 72 267 107 298
person 91 247 116 281
person 66 225 93 254
person 33 251 68 290
person 4 230 27 256
person 22 216 45 245
person 5 202 25 223
person 8 178 28 198
person 29 185 42 203
person 56 196 75 219
person 69 183 84 201
person 80 183 95 199
person 100 195 117 214
person 100 185 115 200
person 77 218 98 235
person 118 210 136 230
person 124 228 149 252
person 157 238 185 263
person 176 237 206 269
person 154 210 176 234
person 131 202 153 222
person 140 181 154 202
person 149 192 167 210
person 167 198 187 222
person 187 300 231 360
person 235 266 263 306
person 271 251 299 285
person 273 213 293 235
person 317 211 339 238
person 345 207 366 233
person 344 240 370 273
person 369 263 396 299
person 397 282 432 326
person 415 296 456 348
person 469 265 503 305
person 417 256 447 288
person 404 241 434 273
person 375 216 397 238
person 392 211 410 233
person 418 216 441 238
person 446 214 464 236
person 451 226 477 257
person 481 238 508 269
person 509 227 528 253
person 480 216 499 235
person 491 207 506 230
person 488 191 500 209
person 502 183 517 205
person 517 191 530 209
person 522 211 541 238
person 562 230 585 256
person 550 256 581 295
person 535 302 581 354
person 594 300 636 351
person 604 258 631 291
person 639 263 672 306
person 567 253 599 290
person 596 227 623 257
person 612 214 635 237
person 626 208 641 226
person 648 201 667 226
person 557 203 580 222
person 558 213 574 231
person 587 189 601 214
person 554 184 566 203
person 666 187 677 205
person 649 184 661 197
person 630 191 641 208
person 606 188 616 206
person 465 199 482 217
person 469 186 483 202
person 472 173 483 186
person 456 176 466 194
person 436 186 450 204
person 411 193 425 214
person 400 192 413 211
person 379 193 395 211
person 363 189 379 208
person 336 190 348 204
person 319 188 339 209
person 294 196 306 212
person 236 184 257 203
person 264 193 277 207
person 272 200 285 215
person 578 175 593 188
person 587 164 598 180
person 564 163 579 179
person 546 172 558 188
person 23 159 38 176
