person 57 152 83 183
person 303 114 322 134
person 321 120 341 145
person 336 132 358 155
person 366 131 391 155
person 342 111 360 130
person 347 98 365 116
person 375 100 397 122
person 409 99 432 124
person 418 120 439 144
person 459 108 479 131
person 495 110 515 136
person 471 84 486 101
person 466 97 483 112
person 444 90 467 109
person 415 72 432 91
person 458 77 471 91
person 469 70 482 83
person 493 71 505 89
person 504 79 518 96
person 508 69 523 85
person 513 63 525 75
person 521 66 533 81
person 519 86 535 108
person 528 95 547 115
person 543 84 559 104
person 557 93 575 118
person 576 90 592 111
person 586 80 600 98
person 556 66 571 83
person 566 59 580 82
person 584 58 599 78
person 593 66 607 83
person 611 81 627 98
person 616 66 632 86
person 613 59 625 75
person 632 55 647 73
person 643 52 655 67
person 651 62 666 80
person 666 65 679 87
person 675 65 688 81
person 678 54 694 70
person 703 54 719 69
person 475 146 503 185
person 523 148 556 185
person 578 121 601 148
person 597 155 632 198
person 621 124 645 155
person 619 110 644 133
person 650 96 673 120
person 673 130 703 165
person 700 123 725 153
person 701 164 739 204
person 731 191 771 235
person 711 150 741 174
person 758 128 786 157
person 807 200 837 243
person 888 231 930 278
person 782 149 809 185
person 821 159 848 194
person 788 122 811 147
person 752 98 770 119
person 786 80 803 100
person 777 70 793 90
person 742 72 754 88
person 743 90 757 109
person 724 75 736 95
person 710 90 728 114
person 689 81 706 101
person 815 129 835 160
person 854 134 878 160
person 867 112 888 141
person 906 172 929 207
person 914 148 935 176
person 924 113 942 137
