person 6 150 31 181
person 37 172 65 203
person 67 156 82 178
person 100 187 125 215
person 103 160 119 178
person 137 174 160 196
person 139 235 186 282
person 157 213 185 242
person 168 196 188 221
person 205 212 230 240
person 238 253 291 307
person 298 240 334 279
person 212 165 230 182
person 254 166 267 182
person 232 190 252 215
person 312 178 329 197
person 304 165 319 181
person 339 178 354 195
person 351 250 377 283
person 365 252 397 288
person 407 235 432 264
person 433 235 455 263
person 400 192 419 215
person 384 168 396 184
person 439 206 462 228
person 469 208 487 232
person 496 230 515 254
person 507 211 523 231
person 481 176 491 191
person 504 187 523 204
person 520 230 540 254
person 548 226 576 260
person 552 203 568 221
person 596 228 622 258
person 628 223 649 247
person 634 203 653 221
person 680 228 695 250
