person 118 353 166 407
person 259 224 281 248
person 293 223 319 251
person 332 236 358 268
person 330 201 351 224
person 386 234 413 269
person 409 216 430 237
person 412 193 436 217
person 451 219 474 245
person 477 216 504 245
person 478 195 499 222
person 463 168 486 191
person 499 169 518 189
person 524 170 541 193
person 508 201 534 225
person 517 217 543 249
person 554 198 579 225
person 559 172 578 194
person 543 159 561 182
person 555 153 571 172
person 594 212 620 244
person 588 168 606 193
person 600 169 617 188
person 607 156 626 176
person 623 167 644 193
person 643 160 661 181
person 659 185 680 209
person 683 163 704 189
person 674 141 690 158
person 679 156 693 171
person 709 161 727 185
person 721 142 735 160
person 725 132 740 151
person 755 159 774 181
person 744 140 763 161
person 763 142 780 164
person 804 150 819 168
person 817 144 835 165
person 797 135 813 155
person 570 254 605 296
person 642 259 679 295
person 646 233 677 264
person 698 242 727 280
person 704 213 734 238
person 716 272 755 317
person 740 299 789 348
person 823 349 868 402
person 750 194 773 223
person 765 217 792 250
person 785 242 819 283
person 818 232 849 267
person 796 180 816 204
person 822 186 842 210
person 842 161 860 187
person 848 197 867 223
person 875 156 888 173
person 882 167 899 187
person 895 148 911 170
person 913 169 930 194
person 925 183 944 208
person 938 171 954 195
person 933 154 949 173
person 970 156 987 179
person 977 181 998 202
person 970 196 992 219
person 1010 202 1033 228
person 1014 178 1030 201
person 1026 177 1041 201
person 1043 169 1059 192
person 1007 169 1022 187
person 1067 178 1087 203
person 968 228 992 264
person 925 277 961 313
person 861 260 891 296
person 982 336 1028 383
person 1003 283 1039 324
person 1025 239 1053 278
person 1035 217 1059 247
person 1079 212 1102 242
person 1093 204 1110 229
person 1112 231 1135 260
person 1091 258 1117 290
person 1096 301 1131 342
person 1118 201 1135 226
person 1123 182 1142 204
