person 1620 1497 2109 2055
person 965 1355 1223 1593
person 682 1207 940 1490
person 458 1217 668 1459
person 265 1173 471 1404
person 178 1176 313 1355
person 54 1104 161 1228
person 551 1038 654 1166
person 771 1076 913 1228
person 958 1142 1099 1293
person 1154 1148 1309 1293
person 1337 1117 1496 1273
person 1513 1224 1723 1417
person 1761 1152 1903 1331
person 1920 1200 2144 1390
person 2289 1179 2534 1404
person 2185 1062 2351 1252
person 2389 1024 2485 1166
person 1668 790 1837 962
person 2716 1021 2816 1145
person 2785 1083 2961 1279
person 3061 1145 3313 1393
person 3006 1076 3161 1242
person 3037 993 3099 1059
person 3220 962 3285 1062
person 3123 1014 3223 1155
person 3278 1145 3434 1338
person 3361 1079 3478 1193
person 3375 955 3440 1042
person 3465 976 3547 1052
person 3485 900 3565 973
person 3706 807 3782 907
person 3882 990 3982 1083
person 3868 935 3951 990
person 3771 1017 3875 1111
person 3613 1073 3720 1193
person 3540 1038 3623 1138
person 3658 1128 3820 1290
person 3830 1135 3934 1238
person 4030 1100 4147 1224
person 4137 924 4213 1038
person 4261 973 4358 1073
person 4309 935 4406 1024
person 4516 924 4599 990
person 4634 962 4723 1073
person 4744 948 4816 1035
person 4834 1035 4909 1142
person 4799 1162 4909 1345
person 4375 1442 4809 1886
person 4278 1255 4558 1514
person 4268 1124 4416 1279
person 4175 1104 4299 1269
person 4606 1059 4716 1193
person 3447 1366 3844 1783
person 2882 1566 3434 2155
