person 11 157 30 179
person 30 158 48 174
person 79 162 93 180
person 85 173 146 243
person 132 169 165 215
person 122 158 146 184
person 148 158 171 185
person 177 168 197 186
person 199 158 224 180
person 200 171 227 201
person 226 173 258 225
person 247 162 303 237
person 280 161 307 193
person 308 169 339 207
person 326 164 339 180
person 338 162 352 182
person 354 166 370 185
person 371 165 387 189
person 378 163 423 220
person 429 173 456 204
person 457 171 515 247
person 522 165 552 205
person 560 178 586 209
