person 39 209 70 246
person 261 163 280 182
person 284 154 302 174
person 332 143 351 162
person 326 124 345 142
person 350 123 369 142
person 359 158 377 179
person 366 144 384 166
person 416 160 435 188
person 390 123 406 142
person 428 125 446 146
person 403 113 418 129
person 426 97 442 114
person 469 81 480 94
person 495 94 510 109
person 480 112 496 131
person 476 133 498 154
person 453 124 471 146
person 445 110 463 129
person 468 109 482 123
person 495 81 506 95
person 504 78 516 93
person 513 107 531 131
person 567 107 584 128
person 559 90 575 109
person 554 72 573 92
person 584 62 598 80
person 575 77 590 95
person 599 83 615 107
person 631 74 648 97
person 611 70 627 90
person 631 52 644 69
person 647 67 662 82
person 659 51 672 67
person 681 62 694 81
person 675 56 687 72
person 707 62 719 76
person 726 52 738 70
person 491 165 518 195
person 579 163 604 195
person 590 131 610 153
person 632 116 655 139
person 635 142 657 171
person 694 148 717 175
person 697 187 726 224
person 625 184 653 222
person 702 112 722 138
person 678 98 695 120
person 711 80 728 99
person 723 100 742 126
person 753 76 768 95
person 778 99 795 123
person 726 127 746 150
person 753 158 781 194
person 820 154 842 183
person 801 118 820 144
person 852 135 872 165
person 791 58 802 76
person 778 67 788 83
person 786 80 800 98
person 804 71 820 92
person 816 87 832 106
person 823 62 835 83
person 840 73 852 88
person 855 74 869 89
person 862 92 878 113
person 839 98 854 119
person 887 103 906 126
person 878 75 890 94
person 909 68 920 86
person 916 125 934 149
person 940 110 953 130
person 973 103 990 127
person 977 154 999 179
person 980 86 994 104
person 945 72 960 89
person 948 95 962 111
person 932 97 944 112
person 778 85 792 102
