person 22 207 55 241
person 261 159 284 183
person 299 147 318 172
person 310 146 332 171
person 336 157 358 180
person 357 153 378 176
person 328 125 347 146
person 358 128 375 146
person 387 129 405 150
person 385 116 405 135
person 401 113 418 131
person 433 124 451 148
person 420 154 450 186
person 461 123 480 152
person 451 106 470 126
person 432 96 449 115
person 473 105 491 125
person 491 102 511 125
person 474 83 492 99
person 497 79 513 98
person 508 88 525 106
person 495 129 517 156
person 516 110 535 135
person 539 90 556 108
person 512 73 524 87
person 564 78 578 95
person 585 83 602 103
person 599 85 618 110
person 592 60 606 77
person 622 66 636 80
person 618 75 632 93
person 643 85 663 106
person 641 74 657 91
person 625 52 640 70
person 654 63 667 79
person 676 59 690 77
person 687 63 701 79
person 714 62 729 80
person 738 50 756 70
person 501 169 530 205
person 556 115 581 139
person 563 166 591 202
person 593 141 617 168
person 637 139 662 169
person 625 184 657 224
person 711 180 743 216
person 691 150 716 179
person 652 113 677 142
person 688 110 716 139
person 686 94 705 119
person 720 84 741 107
person 730 96 752 121
person 734 115 760 146
person 756 145 790 182
person 786 126 815 162
person 825 158 853 197
person 856 119 884 152
person 772 109 792 136
person 752 72 770 95
person 771 85 792 107
person 777 66 793 83
person 795 63 811 80
person 792 79 810 103
person 804 88 823 110
person 813 69 827 88
person 830 61 844 80
person 845 73 858 92
person 841 96 862 119
person 861 90 879 113
person 874 71 892 92
person 860 66 877 87
person 891 102 913 128
person 921 124 942 148
person 967 155 997 189
person 943 104 961 127
person 920 91 940 113
person 907 86 922 106
person 913 74 928 91
person 920 68 935 84
person 941 84 957 100
person 953 71 965 87
person 980 110 994 135
person 985 98 998 112
person 985 88 996 102
