person 278 123 293 143
person 336 109 351 130
person 345 126 365 150
person 391 136 410 162
person 379 105 397 125
person 391 96 408 118
person 407 105 425 125
person 418 91 435 109
person 432 115 453 140
person 425 144 448 173
person 439 97 457 116
person 441 78 456 97
person 488 84 505 106
person 474 107 495 130
person 512 116 537 139
person 497 96 517 121
person 519 96 540 120
person 494 73 506 89
person 519 69 535 89
person 539 66 554 85
person 556 68 571 85
person 553 87 571 106
person 557 107 579 130
person 606 88 624 111
person 592 74 608 89
person 580 65 594 83
person 602 64 618 82
person 618 73 631 89
person 629 56 639 70
person 633 64 647 81
person 651 70 667 87
person 655 61 667 74
person 656 52 665 65
person 686 53 700 74
person 705 56 722 71
person 714 70 728 88
person 741 60 755 75
person 685 73 700 93
person 642 90 658 107
person 572 140 607 192
person 598 143 623 181
person 667 127 692 158
person 659 104 682 131
person 683 94 706 123
person 695 115 718 141
person 716 138 739 168
person 735 124 755 151
person 733 92 752 116
person 728 87 743 106
person 760 75 774 95
person 767 98 784 118
person 791 107 813 132
person 811 118 836 144
person 768 140 800 177
person 794 136 815 165
person 824 154 850 193
person 791 83 810 101
person 784 73 798 90
person 789 65 804 83
person 812 85 825 103
person 834 88 850 107
person 826 73 842 91
person 847 83 862 101
person 854 74 869 91
person 875 89 892 108
person 889 79 904 98
person 899 92 914 112
person 879 106 897 125
person 878 126 899 153
person 911 140 936 177
person 871 169 905 204
person 936 187 969 234
person 961 165 981 195
person 970 137 989 160
person 949 111 968 134
person 921 83 939 104
person 952 80 969 101
person 992 117 1006 137
person 982 109 997 124
person 986 94 1000 111
