person 234 273 283 324
person 353 179 370 195
person 367 170 385 189
person 386 152 403 169
person 408 153 427 173
person 410 185 432 208
person 394 186 411 203
person 462 177 483 204
person 516 179 540 204
person 476 140 494 159
person 510 116 523 136
person 520 123 536 141
person 531 107 547 127
person 543 157 565 183
person 507 158 535 179
person 530 141 552 160
person 597 146 622 174
person 597 123 621 146
person 578 112 591 129
person 560 105 578 123
person 585 101 600 117
person 634 123 653 146
person 663 130 684 155
person 676 102 696 126
person 658 98 673 114
person 619 89 636 108
person 643 93 658 112
person 707 113 726 134
person 698 93 713 113
person 742 98 759 118
person 729 75 746 93
person 751 67 763 82
person 762 84 777 101
person 780 97 800 118
person 779 87 795 104
person 807 77 823 94
person 832 78 850 98
person 613 198 643 230
person 671 200 702 232
person 691 171 716 199
person 756 143 777 171
person 779 154 803 187
person 817 171 843 201
person 814 206 851 249
person 808 113 830 138
person 830 135 857 161
person 865 126 885 149
person 860 98 879 120
person 902 101 920 121
person 914 141 934 162
person 876 153 897 176
person 894 170 923 205
person 943 247 980 288
person 988 202 1018 239
person 944 152 966 172
person 952 120 970 140
person 947 97 963 117
person 983 131 1005 154
person 994 104 1009 123
person 1001 88 1016 106
person 1026 104 1045 125
person 1006 121 1023 140
person 1035 154 1056 186
person 1078 197 1109 233
person 1127 184 1156 216
person 1077 155 1098 180
person 1102 156 1122 179
person 1097 130 1115 153
person 1052 139 1074 168
person 1085 98 1107 121
person 1056 119 1071 141
