person 6 287 33 319
person 284 224 304 249
person 320 229 338 256
person 359 237 378 263
person 349 206 368 232
person 407 247 431 271
person 463 235 479 253
person 454 215 472 233
person 430 200 447 219
person 493 231 513 253
person 521 235 543 260
person 569 206 588 224
person 528 207 548 228
person 499 198 518 220
person 480 174 497 193
person 522 177 536 193
person 543 178 557 198
person 560 166 572 183
person 575 160 588 173
person 578 182 594 199
person 618 174 632 194
person 653 165 669 187
person 634 165 649 181
person 672 151 687 168
person 688 164 703 184
person 705 161 719 180
person 697 149 711 161
person 746 134 763 151
person 748 153 761 168
person 633 208 649 232
person 672 188 690 210
person 740 170 754 184
person 768 146 777 158
person 779 153 794 167
person 801 137 814 155
person 605 257 632 293
person 654 266 684 302
person 651 243 682 268
person 732 279 768 320
person 722 213 746 240
person 772 201 791 226
person 779 171 796 188
person 823 153 835 170
person 838 155 850 167
person 829 178 845 197
person 785 224 806 248
person 801 258 826 287
person 741 246 769 276
person 832 220 851 242
person 878 194 897 216
person 854 169 873 191
person 807 296 843 337
person 774 280 797 305
person 860 331 900 381
person 1006 343 1037 388
person 1105 320 1137 359
person 1022 302 1052 341
person 937 286 973 329
person 890 264 922 297
person 835 243 864 266
person 984 245 1009 271
person 1037 266 1062 298
person 1115 268 1134 293
person 1127 237 1147 264
person 1125 216 1140 231
person 1142 205 1155 222
person 1141 187 1157 204
person 1089 183 1106 207
person 1061 209 1079 234
person 1059 246 1083 270
person 1032 208 1051 231
person 984 224 1004 244
person 986 200 1003 222
person 929 189 947 209
person 1040 188 1057 206
person 1062 168 1076 187
person 1027 173 1048 191
person 988 163 1006 179
person 1001 184 1017 205
person 949 159 971 178
person 948 175 965 190
person 896 160 910 176
person 907 147 922 165
person 912 180 928 197
person 892 178 907 194
person 919 166 932 180
