person 32 222 69 261
person 106 226 141 263
person 172 223 203 256
person 159 201 177 225
person 213 205 232 231
person 232 223 263 264
person 265 215 286 241
person 304 220 336 258
person 364 210 386 238
person 386 204 403 227
person 379 193 394 211
person 394 185 407 202
person 409 192 422 210
person 368 181 380 197
person 375 160 386 175
person 336 149 349 164
person 334 192 348 209
person 313 204 329 219
person 296 192 314 210
person 270 191 288 208
person 259 199 280 219
person 587 241 615 274
person 504 200 519 216
person 514 192 523 205
