person 208 190 248 233
person 301 122 314 139
person 318 129 332 147
person 336 134 351 155
person 368 141 383 161
person 392 140 407 157
person 433 130 454 155
person 343 106 355 120
person 356 115 372 132
person 382 110 397 129
person 416 104 432 122
person 438 92 450 108
person 439 80 450 92
person 460 96 473 109
person 462 115 477 131
person 478 119 494 135
person 501 105 517 122
person 518 119 532 137
person 507 154 530 184
person 466 86 479 98
person 481 77 494 90
person 499 82 511 96
person 523 81 534 94
person 556 104 570 121
person 547 97 559 112
person 578 86 591 102
person 602 96 618 112
person 540 76 551 88
person 523 65 535 77
person 545 69 556 80
person 505 75 518 88
person 566 65 578 79
person 595 67 607 81
person 587 66 596 79
person 570 82 583 96
person 610 78 624 97
person 641 81 654 98
person 639 73 652 85
person 627 69 638 83
person 635 61 646 71
person 653 57 666 73
person 682 53 692 68
person 686 70 699 83
person 675 83 690 98
person 710 66 724 84
person 705 55 717 68
person 738 58 752 73
person 573 162 598 189
person 579 139 602 161
person 617 139 641 165
person 640 119 655 140
person 684 103 703 123
person 727 94 740 112
person 736 99 751 118
person 746 120 764 141
person 692 136 716 165
person 716 167 743 199
person 740 149 759 176
person 768 204 797 236
person 613 189 643 224
person 757 80 769 94
person 763 92 778 107
person 774 108 790 126
person 791 136 809 162
person 820 124 835 142
person 822 87 837 104
person 809 74 823 93
person 773 73 788 90
person 786 87 798 105
person 840 145 859 170
person 813 174 840 201
person 838 218 868 256
person 862 194 891 225
person 898 146 916 172
person 914 123 931 148
person 981 124 996 144
person 952 159 969 185
person 944 194 963 225
person 907 230 940 271
