person 568 203 589 226
person 533 188 549 205
person 562 160 576 178
person 561 149 572 162
person 518 151 528 165
person 510 167 521 180
person 483 180 497 195
person 486 202 499 221
person 444 194 459 214
person 443 184 455 198
person 438 169 446 181
person 446 158 456 168
person 470 165 481 177
person 476 154 486 166
person 420 159 429 171
person 395 170 404 181
person 408 185 418 198
person 393 198 410 217
person 364 164 381 182
person 380 158 390 168
person 352 160 359 170
person 336 185 346 195
person 334 175 344 186
person 328 158 336 170
person 270 163 279 172
person 272 174 281 186
person 271 188 283 198
person 263 195 276 209
person 229 202 244 217
person 230 191 239 202
person 240 174 248 184
person 244 169 252 177
person 217 186 229 198
person 211 168 218 178
person 190 202 203 217
person 191 193 199 200
person 187 185 196 194
person 186 169 194 180
person 181 207 199 230
person 170 223 192 244
person 183 233 207 258
person 160 193 173 207
person 152 165 161 177
person 133 197 147 213
person 128 179 140 193
person 115 174 125 187
person 94 183 104 193
person 80 170 90 183
person 59 183 73 195
person 47 170 59 184
person 1 167 12 179
person 1 192 18 211
person 47 213 73 236
person 66 209 85 234
person 46 236 89 278
person 75 237 118 286
person 137 252 185 311
person 138 311 218 398
person 270 223 297 258
person 336 242 371 284
person 414 252 463 311
