person 0.32 552 206 604 261
person 0.32 318 99 370 166
person 0.32 262 194 304 251
person 0.37 327 260 422 350
person 0.40 58 179 108 224
person 0.44 708 214 788 304
person 0.44 333 331 467 478
person 0.44 61 223 123 280
person 0.47 0 203 37 268
person 0.54 647 247 721 333
person 0.64 431 270 554 403
person 0.66 182 276 282 372
person 0.69 536 256 619 344
person 0.70 89 352 241 489
person 0.71 6 295 113 414
person 0.79 94 174 141 228
person 0.85 216 198 260 256
person 0.89 599 187 656 261
person 0.91 782 182 840 249
