person 0.30 455 106 481 135
person 0.35 414 115 441 146
person 0.37 172 173 227 239
person 0.38 300 118 328 149
person 0.38 401 147 439 188
person 0.42 456 144 492 181
person 0.43 346 123 375 155
person 0.43 331 92 354 120
person 0.44 470 133 503 171
person 0.45 367 97 392 125
person 0.47 277 96 301 125
person 0.58 279 172 321 229
person 0.62 63 94 90 126
person 0.62 150 98 175 132
person 0.63 23 173 75 237
person 0.66 216 117 244 150
person 0.69 260 155 292 199
person 0.71 518 130 551 168
person 0.78 35 101 64 135
person 0.81 505 170 552 229
