person 0.30 197 184 228 215
person 0.32 96 174 123 206
person 0.35 184 172 213 201
person 0.39 256 184 285 215
person 0.42 319 215 353 253
person 0.43 269 205 309 243
person 0.44 322 186 351 216
person 0.44 91 262 200 369
person 0.44 459 186 491 226
person 0.45 126 186 160 221
person 0.46 268 189 299 223
person 0.47 461 171 489 203
person 0.50 548 142 573 171
person 0.51 39 171 63 203
person 0.53 15 182 48 221
person 0.57 295 245 367 336
person 0.57 366 191 396 227
person 0.87 392 203 430 255
person 0.89 474 213 535 294
