person 0.31 299 92 328 125
person 0.34 585 101 602 157
person 0.36 291 107 327 156
person 0.38 192 149 279 252
person 0.39 388 91 418 125
person 0.48 528 93 556 128
person 0.50 379 102 423 164
person 0.51 277 111 312 158
person 0.52 91 97 122 136
person 0.57 509 104 541 143
person 0.63 412 98 443 135
person 0.66 180 99 205 129
person 0.69 155 114 187 154
person 0.73 537 129 587 184
person 0.78 493 89 519 124
person 0.83 229 107 265 148
person 0.87 320 95 347 135
person 0.89 457 93 486 127
person 0.90 114 92 141 131
person 0.91 31 106 92 188
