person 0.33 0 327 32 391
person 0.41 208 304 255 362
person 0.41 465 345 518 406
person 0.49 365 318 407 384
person 0.61 389 314 430 378
person 0.61 263 346 322 412
person 0.65 801 411 913 565
person 0.66 762 361 841 466
person 0.66 511 412 602 522
person 0.68 277 414 375 519
person 0.68 109 321 161 372
person 0.74 512 309 556 368
person 0.74 574 341 643 422
person 0.77 160 354 239 442
person 0.77 618 316 667 378
person 0.80 92 411 186 511
person 0.86 380 382 464 478
person 0.87 65 316 110 369
person 0.94 730 311 782 379
