person 0.31 3898 2208 4290 2597
person 0.33 2863 2234 3217 2543
person 0.34 16 2709 254 3190
person 0.48 2038 2498 2768 3142
person 0.48 5198 2349 5472 3118
person 0.57 1825 2228 2171 2552
person 0.60 4059 1412 4316 1774
person 0.62 2697 2237 3019 2591
person 0.65 298 2325 659 2805
person 0.71 0 2211 230 2621
person 0.73 1476 2433 2022 3004
person 0.73 3019 2288 3497 2866
person 0.75 3643 2374 4224 3027
person 0.76 4087 2495 4940 3423
person 0.81 705 2362 1075 2734
person 0.83 993 2197 1291 2513
