person 0.35 43 377 112 443
person 0.36 0 436 59 543
person 0.39 31 519 135 648
person 0.40 650 454 753 568
person 0.40 144 430 237 573
person 0.53 137 405 206 496
person 0.60 33 396 103 487
person 0.62 743 340 805 404
person 0.64 356 218 404 284
person 0.68 902 347 965 441
person 0.72 341 368 407 452
person 0.76 624 368 683 446
person 0.79 578 488 692 625
person 0.80 250 474 362 616
person 0.80 397 430 495 539
person 0.82 487 399 568 504
person 0.85 726 365 798 450
person 0.89 950 519 1107 670
person 0.90 198 356 251 423
person 0.97 1009 171 1151 341
