person 0.36 1581 323 1663 437
person 0.38 943 317 1017 405
person 0.41 499 364 581 456
person 0.45 830 359 901 451
person 0.45 1600 349 1683 462
person 0.46 177 356 264 449
person 0.47 336 329 410 421
person 0.49 1160 351 1245 462
person 0.52 486 450 605 597
person 0.52 1188 320 1272 433
person 0.54 611 331 684 426
person 0.61 1702 436 1800 608
person 0.64 7 427 101 575
person 0.70 286 375 369 479
person 0.72 1533 285 1607 394
person 0.74 157 518 312 699
person 0.80 738 383 813 483
person 0.83 1647 371 1743 484
person 0.89 946 538 1105 737
person 0.89 1055 414 1173 560
