person 0.31 481 183 500 218
person 0.33 35 157 59 178
person 0.33 247 155 274 182
person 0.35 419 164 445 191
person 0.41 394 151 419 176
person 0.42 3 171 28 203
person 0.43 235 192 277 241
person 0.48 230 150 250 178
person 0.51 1 178 34 237
person 0.54 305 154 328 179
person 0.55 415 224 476 285
person 0.56 249 167 279 197
person 0.60 90 166 116 192
person 0.74 354 197 397 242
person 0.75 441 163 469 191
person 0.75 35 166 65 201
person 0.75 224 229 285 297
person 0.76 57 149 79 172
person 0.78 336 168 370 204
person 0.85 107 151 133 178
