hat 306 134 353 189
hat 421 124 470 184
hat 641 45 711 119
hat 600 85 614 99
hat 622 84 635 101
hat 44 62 67 93
hat 67 70 85 96
hat 80 78 99 99
hat 101 65 121 91
hat 121 70 140 94
hat 139 67 159 92
hat 171 72 192 99
hat 194 74 209 98
hat 299 64 310 79
hat 362 67 375 83
hat 393 72 405 88
hat 416 68 432 88
hat 430 72 443 91
hat 438 72 451 91
hat 452 75 467 95
hat 482 71 496 90
hat 468 68 483 91
hat 506 70 522 91
hat 528 64 543 84
hat 550 80 565 96
hat 540 65 550 80
hat 565 72 579 91
hat 582 74 596 94
hat 154 68 168 88
hat 162 68 175 90
hat 1 80 15 103
hat 8 55 29 75
hat 317 62 329 79
hat 328 66 340 84
hat 346 58 361 77
person 335 73 348 91
person 404 72 419 93
person 381 69 393 86
person 284 70 296 87
person 293 72 304 88
person 307 75 317 89
person 318 75 330 91
person 261 74 274 92
person 245 74 256 89
person 232 67 243 83
person 225 71 236 87
person 215 71 226 87
person 207 68 215 78
hat 614 83 625 99
hat 596 76 607 89
hat 607 76 618 86
hat 551 66 561 80
hat 561 71 570 83
person 544 77 553 92
hat 494 69 503 81
hat 521 69 529 83
person 368 72 382 91
hat 393 71 404 86
person 257 68 268 84
person 29 53 47 74
hat 6 67 29 91
