hat 282 234 318 268
hat 314 235 338 264
hat 345 230 378 262
hat 381 230 409 255
hat 419 226 446 254
hat 471 229 498 252
hat 510 223 537 249
hat 420 266 478 325
hat 520 232 556 272
hat 575 216 599 245
hat 555 219 573 238
hat 534 228 558 246
hat 460 242 496 269
person 232 255 276 306
person 287 257 322 294
person 467 258 505 302
person 504 268 536 297
person 32 238 64 268
person 92 236 117 259
person 122 228 142 248
person 165 226 182 245
hat 158 224 171 238
person 195 231 209 244
person 184 223 196 235
person 253 209 263 219
person 184 208 191 216
person 218 225 229 237
person 224 220 235 233
person 306 217 314 226
hat 320 225 336 239
hat 460 225 477 240
hat 497 223 515 244
hat 401 225 419 248
person 11 240 32 264
person 15 232 38 251
person 69 228 86 248
person 55 234 76 258
person 65 207 78 219
person 76 210 86 221
person 90 210 100 223
person 143 221 153 232
person 134 206 142 215
person 145 204 152 211
