person 239 142 248 153
person 386 226 439 283
person 420 209 456 245
person 467 192 493 226
person 430 177 449 198
person 424 173 439 191
person 380 180 402 207
person 370 171 388 192
person 349 205 383 234
person 341 186 364 206
person 328 179 346 196
person 334 171 351 192
person 316 188 341 216
person 309 203 333 232
person 287 208 323 245
person 296 257 389 333
person 206 210 246 256
person 255 189 281 217
person 268 178 284 197
person 295 175 310 190
person 228 182 248 207
person 242 179 261 198
person 253 173 265 190
person 207 170 223 186
person 191 185 226 223
person 172 198 199 232
person 168 181 189 207
person 177 174 193 191
person 135 168 155 192
person 133 190 157 222
person 116 228 167 283
person 102 209 138 250
person 95 174 116 197
person 40 183 73 221
person 8 231 64 291
person 10 172 33 194
person 31 170 49 190
person 68 174 84 193
person 54 168 69 181
person 1 199 28 247
person 5 166 20 180
