person 178 231 229 278
person 293 142 308 157
person 308 144 325 161
person 303 159 323 176
person 387 161 407 182
person 418 126 434 140
person 407 111 422 123
person 406 103 419 114
person 443 98 460 120
person 483 85 495 101
person 498 87 514 105
person 470 106 486 125
person 487 113 504 135
person 456 132 480 158
person 488 130 517 157
person 516 112 536 134
person 530 88 543 103
person 544 72 557 84
person 563 99 575 113
person 581 102 595 117
person 584 72 598 87
person 597 75 612 89
person 625 68 637 79
person 633 60 647 73
person 662 61 681 76
person 652 82 668 97
person 629 97 646 117
person 696 76 709 90
person 714 62 730 73
person 744 57 761 73
person 792 64 807 78
person 814 73 826 87
person 804 79 819 94
person 796 86 808 100
person 830 75 844 97
person 852 81 868 102
person 884 82 899 101
person 891 76 905 90
person 919 76 934 92
person 914 88 929 103
person 900 95 918 117
person 957 90 971 103
person 948 97 967 118
person 935 114 955 138
person 981 87 992 98
person 987 122 1001 136
person 984 141 1006 163
person 968 164 992 195
person 917 139 938 164
person 880 117 897 138
person 862 133 880 157
person 817 117 837 143
person 773 109 794 133
person 779 98 793 116
person 736 91 752 106
person 727 101 746 125
person 692 102 709 123
person 700 118 722 142
person 651 117 671 138
person 617 136 639 159
person 664 141 682 163
person 740 128 760 150
person 674 167 700 194
person 557 187 585 213
person 519 205 547 232
person 538 126 557 144
person 773 136 798 169
person 735 181 762 214
person 786 179 817 217
person 820 146 848 176
person 866 198 898 233
person 960 241 1000 280
