person 6 534 74 611
person 90 499 151 555
person 139 522 198 580
person 172 498 229 560
person 284 572 378 668
person 346 521 419 598
person 418 503 477 559
person 443 484 491 533
person 493 565 579 656
person 541 540 602 605
person 578 506 630 565
person 585 475 632 528
person 695 480 744 538
person 705 540 785 627
person 757 507 810 564
person 779 575 864 662
person 746 689 893 796
person 918 513 998 597
person 948 491 1001 537
person 807 314 849 365
person 1022 461 1075 513
person 1030 534 1115 628
person 1106 486 1159 555
person 1132 514 1200 595
