person 67 218 99 259
person 392 104 407 120
person 416 145 430 164
person 441 86 454 103
person 485 120 505 143
person 514 73 527 87
person 553 63 565 77
person 588 61 600 78
person 599 94 615 115
person 603 66 614 82
person 624 63 635 78
person 831 161 854 197
person 888 165 916 203
person 984 113 1000 140
person 958 164 984 200
person 740 87 767 126
person 695 117 715 142
person 695 181 728 219
person 648 136 670 166
person 499 182 526 210
person 565 177 593 210
person 921 61 932 78
person 965 77 977 92
person 994 82 1004 98
person 409 125 427 142
