person 61 296 127 358
person 185 214 227 259
person 201 183 230 211
person 208 162 233 186
person 154 174 184 201
person 137 188 170 220
person 104 161 146 204
person 42 186 88 231
person 30 164 71 195
person 142 158 165 179
person 152 142 173 164
person 198 140 215 163
person 249 150 271 172
person 239 146 254 166
person 353 152 373 171
person 373 152 394 177
person 382 166 410 193
person 383 141 402 163
person 404 149 426 174
person 425 157 451 182
person 430 141 450 162
person 443 148 465 173
person 415 184 454 226
person 452 222 492 266
person 466 177 505 212
person 470 146 506 182
person 520 173 558 210
person 556 208 600 254
person 545 296 599 364
person 302 72 326 97
