person 41 285 73 323
person 151 295 195 335
person 204 274 234 302
person 293 286 327 323
person 297 267 323 293
person 372 260 396 292
person 364 285 399 327
person 388 287 439 350
person 445 257 467 285
person 487 259 514 287
person 486 283 518 316
person 528 301 577 353
person 566 275 594 304
person 555 261 576 285
person 540 252 558 278
person 590 245 610 267
person 620 258 644 283
person 646 273 684 319
person 680 250 697 272
person 700 258 727 287
person 745 267 781 308
person 760 250 782 277
person 669 325 765 458
