person 62 199 91 226
person 64 181 89 203
person 111 179 134 205
person 118 166 135 184
person 145 162 161 178
person 156 171 174 189
person 174 163 190 178
person 207 248 250 294
person 241 206 267 243
person 246 185 267 212
person 254 176 274 195
person 259 167 278 185
person 299 163 314 182
person 305 174 322 190
person 307 190 324 212
person 318 209 348 243
person 331 245 376 293
person 270 124 286 139
person 390 163 403 181
person 402 173 420 190
person 430 179 450 204
person 430 162 446 178
person 452 167 473 189
person 474 201 506 231
person 490 185 510 211
