person 162 272 207 321
person 258 146 280 172
person 279 151 299 176
person 299 143 318 171
person 318 126 340 148
person 342 120 362 142
person 366 143 387 165
person 365 173 390 197
person 352 142 370 164
person 371 124 390 147
person 405 119 425 140
person 409 144 434 171
person 398 105 412 123
person 423 97 438 117
person 442 97 457 120
person 465 99 483 119
person 471 83 489 100
person 497 90 514 108
person 507 74 520 86
person 531 99 551 120
person 505 108 524 126
person 480 124 501 150
person 498 139 521 163
person 580 85 598 105
person 609 88 628 108
person 600 63 615 79
person 643 64 661 81
person 665 69 685 92
person 721 65 735 83
person 666 103 688 126
person 603 120 628 148
person 603 158 632 191
person 544 154 579 185
person 639 141 665 170
person 650 160 679 199
person 711 135 737 169
person 698 120 722 147
person 694 95 713 117
person 734 81 751 99
person 733 95 755 118
person 731 112 755 139
person 749 148 777 182
person 760 86 781 106
person 771 63 785 81
person 784 72 800 93
person 800 64 817 84
person 812 83 830 105
person 824 74 842 99
person 770 108 794 134
person 818 102 839 131
person 849 95 869 120
person 789 137 812 171
person 808 151 838 187
person 882 160 912 196
person 903 147 924 178
person 970 134 994 169
person 968 124 987 148
person 931 107 951 134
person 935 86 952 108
person 944 84 961 104
person 906 91 930 112
person 878 82 898 99
person 882 99 903 122
person 868 134 891 155
