person 1 107 16 130
person 16 111 39 140
person 1 138 43 186
person 56 118 86 153
person 62 189 119 261
person 120 144 153 185
person 203 174 253 227
person 67 100 82 121
person 90 103 111 125
person 114 96 129 118
person 142 112 164 135
person 148 99 168 120
person 195 122 219 150
person 190 107 208 129
person 233 105 253 125
person 271 137 302 171
person 262 121 284 150
person 276 103 291 126
person 285 113 303 134
person 333 114 347 137
person 339 137 363 169
person 366 129 389 154
person 354 111 370 130
person 382 110 397 126
person 402 118 422 142
person 412 112 429 130
person 410 158 453 206
person 455 141 483 171
person 447 117 464 135
