person 6 58 31 88
person 30 77 55 109
person 60 78 78 105
person 79 82 105 113
person 72 68 87 85
person 100 64 122 86
person 118 72 141 98
person 129 57 143 73
person 153 54 167 71
person 155 77 176 101
person 166 72 181 93
person 179 68 193 88
person 187 60 205 81
person 200 76 221 104
person 223 75 241 97
person 214 67 228 85
person 242 48 258 66
person 244 79 263 105
person 259 80 274 101
person 273 76 292 97
person 272 67 286 83
person 290 71 313 102
person 303 61 317 77
person 315 78 332 98
person 319 93 346 126
person 332 63 357 90
person 351 87 377 118
person 364 69 386 92
person 390 79 415 119
