person 87 189 135 238
person 315 121 334 144
person 331 102 350 121
person 354 102 369 122
person 415 106 433 126
person 425 92 440 106
person 449 109 467 131
person 473 124 495 146
person 529 147 548 172
person 483 95 497 114
person 461 78 470 93
person 474 69 483 79
person 476 80 486 93
person 499 82 510 94
person 530 82 549 100
person 509 72 521 83
person 541 62 553 73
person 559 63 569 73
person 593 57 605 73
person 589 88 604 108
person 609 57 623 76
person 645 59 658 77
person 672 58 686 68
person 643 81 657 93
person 634 110 651 131
person 587 123 605 145
person 554 95 571 116
person 586 151 607 176
person 623 155 643 183
person 644 133 658 152
person 681 138 700 160
person 678 112 692 136
person 673 91 689 108
person 698 65 707 79
person 713 105 726 123
person 728 118 742 140
person 747 89 764 104
person 768 77 782 92
person 760 63 773 77
person 792 74 805 90
person 782 97 797 118
person 801 109 815 129
person 856 79 867 93
person 846 94 859 111
person 841 116 858 137
person 864 97 877 118
person 894 76 907 95
person 921 95 935 113
person 935 85 945 105
person 946 123 960 147
person 893 107 908 124
person 906 131 917 152
person 937 133 951 154
person 947 163 965 188
person 917 166 938 199
person 865 160 883 188
person 834 198 857 230
person 726 194 757 231
person 687 162 717 196
person 815 162 835 192
person 903 227 929 267
person 820 146 837 164
person 711 87 728 107
person 825 90 842 115
person 686 61 699 79
person 708 65 720 81
person 673 67 686 81
person 566 78 582 100
person 540 73 554 88
person 571 71 585 89
person 598 78 615 100
person 418 84 431 100
person 869 155 889 182
person 946 109 964 133
person 956 99 969 118
