person 1 369 18 400
person 9 364 36 391
person 10 340 38 368
person 46 386 94 438
person 124 401 173 453
person 112 349 138 375
person 141 353 163 379
person 165 366 186 392
person 169 355 192 373
person 180 329 199 353
person 197 370 233 408
person 228 361 253 390
person 226 343 251 366
person 267 355 292 385
person 247 388 289 433
person 295 425 348 488
person 349 410 403 470
person 318 365 347 403
person 309 346 332 370
person 345 347 366 375
person 365 361 391 392
person 395 338 415 363
person 412 383 445 420
person 429 400 472 450
person 451 380 477 414
person 480 344 498 368
person 510 349 530 378
person 536 340 553 364
person 524 370 553 406
person 589 397 623 440
person 603 356 626 384
person 625 347 648 380
person 642 374 674 412
person 699 370 724 397
person 671 386 694 418
person 747 365 768 389
person 851 370 883 406
person 953 389 983 420
person 765 477 945 679
