person 136 363 190 420
person 257 243 280 267
person 313 230 339 262
person 348 236 373 267
person 337 214 362 238
person 378 261 408 295
person 380 222 408 247
person 417 229 441 252
person 427 198 449 222
person 491 227 520 255
person 488 200 514 226
person 478 172 497 194
person 502 178 520 199
person 522 187 545 210
person 529 205 555 230
person 566 224 595 255
person 605 220 634 251
person 531 164 549 183
person 544 171 563 194
person 557 188 576 208
person 568 159 586 178
person 610 184 631 204
person 622 165 642 185
person 634 188 655 210
person 650 169 671 196
person 671 191 691 217
person 686 177 707 201
person 673 150 689 173
person 695 159 714 180
person 694 142 708 161
person 737 159 755 183
person 731 136 747 157
person 760 138 779 159
person 781 169 803 189
person 796 157 816 179
person 795 142 814 160
person 824 148 843 171
person 549 271 587 318
person 597 313 639 359
person 642 239 672 278
person 715 246 749 285
person 722 217 750 249
person 777 230 804 270
person 766 206 791 235
person 790 243 826 286
person 832 238 858 272
person 762 317 808 372
person 696 290 740 341
person 830 316 877 378
person 888 263 926 304
person 934 296 970 340
person 964 355 1013 412
person 1018 312 1059 353
person 1032 265 1065 307
person 971 238 1006 278
person 852 198 877 227
person 825 210 850 241
person 810 188 834 216
person 857 163 878 190
person 889 172 911 198
person 898 160 918 183
person 929 180 952 196
person 914 197 939 224
person 937 196 957 220
person 950 160 966 183
person 985 164 1004 186
person 990 200 1012 227
person 1022 212 1043 243
person 1039 208 1059 237
person 1034 183 1051 205
person 1024 174 1041 195
person 1060 171 1078 197
person 1089 185 1110 211
person 1083 226 1108 254
person 1057 254 1083 285
person 1113 267 1145 308
person 1111 305 1153 351
person 1124 231 1145 263
person 1135 220 1152 241
person 1139 204 1156 225
person 1134 180 1153 205
