person 1 301 51 395
person 7 250 61 311
person 59 334 132 433
person 125 356 211 459
person 197 350 260 439
person 251 404 335 505
person 257 349 319 424
person 232 298 285 357
person 154 271 227 352
person 298 315 366 385
person 327 274 411 366
person 379 305 423 369
person 406 305 469 376
person 416 264 460 322
person 464 242 511 286
person 385 362 469 462
person 468 340 548 435
person 521 348 575 426
person 523 312 577 372
person 523 263 573 323
person 573 303 618 356
person 591 254 633 310
person 641 281 688 340
person 613 333 669 409
person 561 426 640 518
person 594 405 666 492
person 667 379 716 462
person 735 408 794 490
person 698 461 789 554
person 819 449 895 547
person 840 382 911 457
person 938 374 1016 455
person 951 335 1016 412
person 993 304 1055 379
person 855 279 910 346
person 819 314 870 383
person 766 296 813 361
person 721 293 781 372
person 742 239 782 299
person 776 240 823 297
person 682 216 732 279
