person 98 771 266 931
person 315 875 479 1037
person 423 788 522 922
person 506 793 722 1044
person 396 1081 731 1424
person 966 1081 1271 1424
person 1121 1001 1275 1172
person 990 778 1112 938
person 953 784 1026 884
person 1151 813 1293 963
person 1138 748 1251 848
person 1335 791 1443 940
person 1369 862 1493 1018
person 1472 823 1554 957
person 1573 827 1648 938
person 1454 1040 1681 1300
person 1685 926 1854 1122
person 1744 896 1888 1046
person 1731 831 1825 938
person 775 740 884 862
person 690 821 807 959
