person 478 273 500 301
person 36 413 86 463
person 104 410 151 465
person 61 470 147 552
person 172 438 235 492
person 224 395 265 426
person 299 376 329 414
person 336 360 367 395
person 344 393 386 441
person 289 471 382 555
person 406 398 451 445
person 379 387 415 425
person 470 375 503 417
person 505 374 536 404
person 501 419 557 477
person 552 369 585 399
person 578 369 601 400
person 601 367 631 400
person 646 392 689 436
person 650 441 700 491
person 701 434 748 487
person 687 382 716 419
person 691 362 717 389
person 743 365 783 408
