person 811 66 820 81
person 840 75 849 88
person 785 62 795 77
person 777 70 787 84
person 769 79 784 98
person 834 101 847 119
person 824 111 839 131
person 826 128 843 154
person 801 107 814 126
person 795 96 807 113
person 803 85 816 104
person 749 63 760 78
person 733 74 746 90
person 744 96 762 118
person 775 114 794 142
person 800 167 829 206
person 750 143 773 173
person 695 58 707 72
person 703 71 716 92
person 713 94 730 116
person 730 115 746 139
person 705 123 723 153
person 684 154 707 193
person 696 174 726 214
person 679 98 696 123
person 653 90 671 115
person 653 112 674 140
person 631 145 654 183
person 672 52 684 71
person 633 46 643 58
person 606 49 615 63
person 581 47 591 58
person 566 94 580 115
person 592 104 607 124
person 627 105 643 126
person 593 80 606 98
person 624 83 640 103
person 545 123 564 146
person 538 152 565 181
person 504 143 524 169
person 469 134 491 157
person 499 122 516 142
person 532 79 545 97
person 544 70 557 86
person 504 53 514 66
person 510 60 520 73
person 484 57 494 69
person 460 60 471 72
person 469 63 481 78
person 542 46 552 58
person 483 86 496 101
person 470 92 483 113
person 437 91 450 109
person 418 89 434 108
person 397 104 413 128
person 415 107 434 128
person 401 89 412 106
person 401 75 413 90
person 422 67 430 78
person 433 71 445 85
person 353 130 367 148
person 328 122 344 144
person 301 115 322 142
person 328 95 343 108
person 356 94 374 108
person 354 107 370 125
person 370 81 380 95
person 246 125 259 142
person 260 127 276 146
person 576 64 586 78
