person 289 142 305 163
person 304 150 328 177
person 312 134 331 155
person 377 142 401 168
person 405 150 423 175
person 382 109 399 129
person 418 109 436 128
person 430 96 444 112
person 462 123 481 145
person 486 105 514 135
person 467 102 485 122
person 475 82 488 101
person 487 86 503 104
person 494 80 504 92
person 514 91 528 108
person 510 107 529 130
person 538 68 550 83
person 544 81 558 101
person 555 89 569 106
person 546 104 567 129
person 569 101 582 118
person 583 103 599 122
person 565 72 581 89
person 596 71 610 87
person 589 59 602 76
person 617 73 632 92
person 625 69 641 86
person 631 52 642 71
person 648 55 659 70
person 652 70 665 90
person 637 84 654 102
person 679 74 694 88
person 670 66 683 79
person 677 52 691 68
person 711 56 725 72
person 738 51 752 68
person 511 175 538 208
person 584 173 615 209
person 595 136 623 164
person 637 142 662 174
person 663 111 687 135
person 645 183 681 219
person 698 180 732 220
person 708 109 734 136
person 692 90 715 114
person 719 86 739 106
person 730 104 752 127
person 761 93 779 115
person 771 102 792 129
person 762 135 790 168
person 789 117 816 146
person 824 107 845 135
person 803 75 818 97
person 810 68 826 87
person 781 57 798 79
person 824 81 843 106
person 847 80 867 105
person 878 112 900 137
person 852 129 880 159
person 835 146 866 182
person 795 182 834 228
person 835 217 878 263
person 880 176 908 214
person 883 75 897 93
person 886 66 902 85
person 907 77 923 94
person 904 94 921 115
person 920 115 942 141
person 916 142 936 168
person 941 203 980 254
person 951 159 982 201
person 967 146 988 172
person 979 132 997 154
person 980 118 992 135
person 939 92 957 115
person 945 76 964 95
person 936 72 950 89
person 984 86 997 106
