person 1129 127 1145 145
person 1234 142 1248 165
person 1182 132 1198 157
person 1163 147 1178 172
person 1219 186 1235 207
person 1218 201 1235 231
person 1176 210 1201 243
person 1196 250 1220 288
person 1159 185 1178 216
person 1112 151 1129 180
person 1100 125 1114 145
person 1090 126 1104 149
person 1053 116 1071 137
person 1081 173 1102 202
person 1100 224 1125 262
person 1057 212 1081 240
person 1077 266 1108 310
person 980 242 1013 292
person 1015 161 1038 191
person 995 132 1012 161
person 1026 125 1043 144
person 1013 103 1027 124
person 965 99 980 122
person 974 108 992 132
person 938 105 952 124
person 897 82 913 105
person 928 126 947 151
person 865 74 879 94
person 833 73 850 93
person 862 87 879 109
person 789 66 805 89
person 819 76 834 99
person 822 96 839 117
person 869 111 888 138
person 831 127 857 159
person 908 139 933 173
person 938 158 959 187
person 749 60 764 79
person 760 85 777 103
person 780 105 796 132
person 754 101 769 125
person 777 159 801 192
person 757 194 787 232
person 824 217 853 255
person 717 181 746 214
person 724 69 739 90
person 728 88 744 110
person 693 72 709 92
person 703 83 719 107
person 692 118 706 141
person 712 112 730 137
person 621 80 635 100
person 648 91 666 114
person 661 87 678 110
person 556 86 570 103
person 574 91 587 106
person 618 112 637 134
person 587 133 611 163
person 546 104 563 125
person 548 167 570 197
person 501 128 518 151
person 490 102 508 123
person 441 114 457 136
person 467 141 487 168
person 456 107 477 125
person 336 134 356 153
person 385 115 406 135
person 389 132 405 156
person 415 121 436 147
person 246 159 268 186
person 284 154 305 185
person 105 293 162 360
person 896 219 927 262
