person 167 252 219 304
person 270 150 285 165
person 284 151 298 169
person 337 137 354 158
person 352 142 367 158
person 368 146 386 164
person 380 163 399 186
person 413 163 432 189
person 346 120 359 134
person 360 118 374 136
person 374 128 390 144
person 419 121 437 141
person 404 108 417 123
person 384 106 397 123
person 436 106 450 123
person 472 106 487 122
person 494 126 514 150
person 477 123 494 141
person 487 84 500 96
person 516 71 526 85
person 503 96 521 111
person 541 100 556 118
person 558 112 577 136
person 549 89 561 103
person 585 91 598 106
person 602 82 614 93
person 616 90 632 107
person 646 81 661 97
person 636 75 647 91
person 602 63 616 77
person 649 63 660 75
person 635 65 647 75
person 679 75 691 91
person 689 64 701 78
person 719 65 735 84
person 531 167 556 194
person 578 164 604 193
person 581 137 604 162
person 634 195 666 225
person 660 135 680 160
person 716 140 739 166
person 760 165 782 190
person 811 152 833 181
person 901 169 921 198
person 694 110 711 128
person 700 100 715 114
person 735 81 747 94
person 756 84 767 97
person 761 93 778 113
person 740 109 758 126
person 755 122 774 143
person 777 110 793 131
person 807 127 825 148
person 818 111 833 135
person 819 89 832 105
person 798 74 815 94
person 772 63 785 77
person 813 63 828 79
person 831 74 843 89
person 849 93 863 111
person 890 114 904 137
person 892 84 905 99
person 911 80 925 102
person 942 92 957 114
person 975 139 992 167
person 961 123 977 142
person 980 125 999 146
person 894 107 917 130
person 894 147 918 175
person 948 84 964 103
person 657 110 679 136
