person 41 135 66 160
person 250 103 265 120
person 288 105 303 125
person 321 77 334 96
person 325 103 339 121
person 333 87 346 106
person 345 109 361 127
person 372 106 388 130
person 391 115 410 139
person 386 91 401 111
person 369 72 379 85
person 352 94 367 112
person 383 71 393 90
person 395 79 407 92
person 401 92 417 107
person 428 91 446 111
person 405 74 416 85
person 447 90 460 108
person 445 60 455 71
person 454 72 470 87
person 474 69 490 85
person 465 54 476 65
person 484 58 495 70
person 518 55 533 67
person 491 79 508 95
person 511 83 528 104
person 521 69 537 85
person 542 72 557 94
person 538 60 550 71
person 555 48 568 63
person 569 54 581 72
person 580 48 592 63
person 601 49 615 64
person 594 70 609 86
person 581 92 599 110
person 551 105 570 125
person 589 106 611 129
person 615 82 629 99
person 630 58 643 71
person 659 47 671 61
person 658 74 672 91
person 631 101 649 121
person 638 119 657 142
person 675 104 694 128
person 673 80 687 99
person 690 83 709 106
person 685 63 698 78
person 719 56 733 69
person 732 76 745 91
person 734 93 753 110
person 701 117 723 140
person 701 166 726 195
person 641 145 672 180
person 766 63 781 78
person 786 68 799 84
person 800 66 811 84
person 812 77 827 100
person 772 80 786 94
person 774 115 791 136
person 742 133 765 159
person 829 109 845 129
person 848 66 862 82
person 850 84 863 105
person 882 84 896 103
person 863 79 873 97
person 866 113 880 135
person 849 154 873 185
person 794 98 809 116
person 509 72 522 87
person 449 67 462 81
person 873 100 887 119
person 756 87 772 105
person 798 89 812 105
person 744 63 754 76
person 840 98 853 122
person 682 74 697 93
