person 49 136 69 163
person 78 153 97 175
person 97 153 112 174
person 115 151 135 174
person 134 148 148 172
person 147 153 166 171
person 171 146 187 165
person 183 151 201 172
person 206 142 224 168
person 220 151 239 171
person 236 139 253 156
person 252 141 268 165
person 271 149 287 170
person 278 130 293 151
person 290 146 306 165
person 307 138 327 163
person 322 142 339 163
person 348 142 365 166
person 362 149 379 168
person 369 137 385 158
person 379 141 397 162
person 403 147 420 167
person 421 144 439 164
person 415 141 430 154
person 450 145 469 167
person 469 139 483 164
person 484 141 501 164
person 515 149 532 167
person 543 137 562 160
