person 182 302 235 372
person 742 138 763 166
person 766 141 780 166
person 566 157 585 175
person 685 145 701 174
person 630 162 648 184
person 346 206 366 233
person 800 145 819 171
person 819 151 834 174
person 833 151 849 174
person 661 162 681 190
person 431 201 454 223
person 279 226 300 257
person 309 235 337 265
person 513 177 536 193
person 343 245 370 278
person 397 247 423 280
person 431 226 449 254
person 464 221 487 253
person 493 200 513 227
person 500 224 527 254
person 531 202 560 229
person 540 229 569 262
person 698 186 721 215
person 613 217 642 253
person 569 202 593 233
person 766 196 791 226
person 719 217 743 247
person 597 259 634 301
person 636 244 672 280
person 649 272 684 310
person 728 280 767 327
person 746 248 779 281
person 784 229 810 260
person 846 168 876 196
person 831 230 863 262
person 797 250 836 284
person 807 295 845 342
person 855 308 899 364
person 885 265 921 301
person 912 154 937 174
person 901 168 921 190
person 878 192 904 221
person 931 189 950 213
person 945 163 966 184
person 985 163 1001 186
person 991 199 1012 230
person 1018 172 1039 195
person 1034 181 1057 207
person 1063 172 1079 196
person 984 239 1006 269
person 958 277 987 324
person 966 359 1008 410
person 1022 301 1060 341
person 1041 250 1067 281
person 1021 213 1040 242
person 1087 190 1106 215
person 1040 213 1067 247
person 1058 205 1088 230
person 1149 190 1168 210
person 1097 310 1128 353
person 1103 268 1125 298
person 1122 245 1152 281
person 549 173 571 194
person 616 175 639 197
person 695 148 711 169
person 733 167 756 186
person 774 152 794 174
person 780 165 803 193
person 816 184 842 209
person 1061 228 1087 262
person 1132 195 1154 220
person 470 190 489 216
person 524 187 547 213
