person 98 292 158 360
person 274 148 297 172
person 290 147 315 176
person 315 139 338 168
person 383 135 408 162
person 378 112 408 140
person 414 129 443 160
person 432 116 455 148
person 463 145 487 172
person 456 108 478 134
person 496 134 521 159
person 513 96 531 119
person 538 103 558 130
person 535 166 563 202
person 592 127 617 160
person 563 92 581 114
person 577 84 598 113
person 588 92 613 119
person 610 80 630 104
person 622 113 642 137
person 687 123 709 146
person 644 85 666 116
person 667 88 685 114
person 691 75 710 94
person 688 89 710 112
person 717 109 737 134
person 715 75 734 95
person 727 93 744 115
person 746 67 764 88
person 751 81 771 99
person 760 98 776 122
person 774 108 795 134
person 788 65 806 87
person 812 81 831 105
person 821 75 840 93
person 820 101 838 120
person 856 86 874 111
person 862 75 877 96
person 887 82 904 104
person 873 118 894 144
person 820 127 847 164
person 758 160 792 196
person 737 204 772 246
person 705 187 734 222
person 808 221 842 260
person 900 218 931 257
person 895 143 923 177
person 925 125 947 153
person 946 111 966 134
person 967 110 985 134
person 978 92 1001 117
person 1009 104 1029 129
person 1021 124 1046 151
person 992 135 1013 166
person 950 158 975 185
person 1010 170 1038 205
person 985 252 1027 298
person 1064 275 1102 325
person 1085 230 1117 273
person 1071 189 1097 220
person 1089 129 1104 156
person 1122 126 1139 148
person 1113 158 1134 185
person 1121 146 1141 170
person 1162 150 1183 177
person 1188 140 1206 165
person 1148 192 1171 225
person 1173 207 1201 251
person 1169 245 1205 293
person 1214 202 1239 239
person 1204 173 1223 204
person 1218 176 1236 199
person 1233 146 1248 171
