person 15 154 40 182
person 29 142 47 161
person 43 152 64 172
person 36 187 84 235
person 65 162 93 188
person 101 130 116 147
person 129 129 150 144
person 121 153 139 173
person 137 158 158 180
person 145 152 163 169
person 126 190 188 250
person 189 181 219 212
person 175 162 196 186
person 200 150 219 168
person 246 154 265 173
person 246 117 262 130
person 291 119 308 134
person 273 164 301 191
person 282 179 319 220
person 352 158 377 185
person 373 151 399 175
person 365 176 393 203
person 417 171 452 200
person 445 156 475 183
