person 60 331 127 402
person 255 148 281 175
person 265 163 295 193
person 327 135 351 160
person 349 135 371 165
person 372 115 393 138
person 392 127 417 155
person 418 119 441 145
person 437 111 459 135
person 471 107 490 127
person 445 145 468 173
person 476 140 498 167
person 522 107 541 131
person 527 93 549 117
person 525 168 552 200
person 567 135 593 164
person 551 96 570 113
person 567 95 583 117
person 591 87 610 107
person 580 97 602 123
person 602 115 621 140
person 629 93 650 119
person 640 89 659 110
person 678 75 693 96
person 679 86 699 106
person 700 77 718 99
person 671 128 694 152
person 710 96 729 118
person 733 67 752 87
person 742 86 761 106
person 745 97 766 123
person 757 109 778 135
person 771 73 787 94
person 817 73 833 93
person 803 83 821 104
person 806 103 822 126
person 807 123 830 154
person 849 78 864 98
person 841 84 859 109
person 873 84 891 109
person 853 118 873 148
person 746 163 776 198
person 697 190 731 221
person 735 207 764 240
person 803 225 832 261
person 878 221 911 258
person 883 144 907 174
person 909 130 930 154
person 919 110 939 132
person 948 103 966 127
person 956 116 977 141
person 993 109 1011 131
person 1006 130 1029 151
person 981 139 1004 165
person 999 167 1023 199
person 917 165 944 197
person 970 242 1009 289
person 1055 266 1090 318
person 1082 223 1107 266
person 1061 193 1087 229
person 1060 177 1079 205
person 1085 168 1109 194
person 1071 136 1090 157
person 1035 121 1054 143
person 1070 120 1092 146
person 1105 125 1123 150
person 1110 147 1127 172
person 1170 142 1189 165
person 1208 152 1225 177
person 1203 178 1220 196
person 1195 188 1218 212
person 1199 208 1218 239
person 1143 153 1162 179
person 1137 185 1157 216
person 1161 213 1185 253
person 1173 248 1202 294
