person 143 190 183 236
person 265 160 281 176
person 303 144 324 171
person 357 119 379 135
person 327 136 348 157
person 327 162 347 187
person 375 137 404 166
person 387 125 408 142
person 398 109 420 127
person 429 93 446 112
person 438 101 464 124
person 445 122 467 145
person 461 104 489 127
person 473 91 497 114
person 469 122 494 149
person 493 140 519 161
person 508 71 522 89
person 497 91 526 112
person 506 110 531 135
person 537 110 567 136
person 581 84 602 107
person 559 76 578 96
person 537 37 553 52
person 603 95 621 116
person 606 67 633 100
person 617 51 637 69
person 644 29 654 42
person 648 76 672 99
person 681 53 695 67
person 708 64 723 76
person 742 31 756 50
person 504 164 534 199
person 556 197 583 222
person 592 131 621 161
person 664 111 688 137
person 637 150 663 172
person 613 192 646 235
person 704 187 742 224
person 683 162 723 192
person 723 122 748 144
person 731 101 754 122
person 777 64 797 82
person 762 77 786 101
person 828 67 847 87
person 803 69 828 89
person 786 76 811 100
person 793 96 817 114
person 786 107 803 127
person 786 131 822 159
person 774 155 801 190
person 807 161 837 194
person 849 137 872 165
person 834 102 857 122
person 888 75 900 90
person 893 101 914 120
person 913 80 932 100
person 942 76 961 96
person 917 133 935 157
person 968 145 991 175
person 931 101 953 125
person 974 110 999 135
person 983 87 999 104
person 839 80 859 99
person 537 92 567 110
person 871 83 896 112
person 697 111 723 146
person 705 96 724 125
person 669 64 688 84
person 909 74 924 84
