person 356 79 372 98
person 354 137 372 159
person 377 216 421 262
person 411 179 443 222
person 457 158 484 197
person 473 150 492 176
person 299 256 347 287
person 245 163 276 192
person 289 147 312 169
person 305 141 321 164
person 315 131 331 148
person 276 135 294 153
person 290 131 303 148
person 239 142 260 164
person 255 140 275 160
person 252 126 270 142
person 214 131 232 147
person 225 122 240 139
person 206 118 221 134
person 189 125 207 140
person 195 139 215 159
person 183 155 209 182
person 163 132 185 154
person 193 88 204 101
person 147 125 167 147
person 121 147 151 176
person 136 176 174 221
person 104 164 138 196
person 97 154 122 176
person 103 124 125 146
person 129 125 150 149
person 113 115 128 131
person 104 110 120 127
person 83 113 103 133
person 60 113 78 132
person 63 150 93 188
person 48 191 86 238
person 37 145 67 175
person 27 135 50 158
person 33 120 51 136
person 21 114 37 131
person 1 147 24 182
