person 20 343 84 415
person 256 146 276 171
person 343 124 365 150
person 390 125 410 155
person 404 103 428 131
person 417 120 439 149
person 444 114 464 139
person 462 143 492 178
person 451 106 470 125
person 500 101 524 126
person 513 127 534 149
person 547 159 576 195
person 592 133 621 164
person 544 108 565 131
person 537 86 559 110
person 574 83 596 109
person 604 84 625 110
person 626 75 646 101
person 630 106 651 131
person 697 117 724 146
person 666 82 685 105
person 697 83 715 108
person 702 70 721 90
person 736 68 753 91
person 741 87 762 111
person 729 104 751 130
person 755 61 775 85
person 777 84 797 107
person 802 62 821 87
person 792 103 813 131
person 833 95 852 116
person 828 76 844 99
person 846 66 862 89
person 869 69 890 91
person 898 78 916 101
person 855 88 879 116
person 695 188 725 225
person 756 202 786 240
person 772 152 803 188
person 821 223 862 268
person 905 214 939 252
person 1001 249 1042 301
person 1071 282 1116 332
person 1088 214 1121 256
person 1197 252 1226 298
person 1186 203 1218 245
person 1229 203 1252 235
person 1219 182 1241 212
person 1230 170 1248 190
person 1239 144 1263 169
person 1196 135 1212 159
person 1176 148 1195 174
person 1156 177 1183 205
person 1083 186 1110 219
person 1118 150 1142 179
person 1132 139 1150 163
person 1143 123 1163 147
person 1097 125 1118 150
person 1023 162 1054 199
person 961 155 987 182
person 995 136 1021 170
person 1036 119 1058 146
person 1019 98 1042 127
person 981 106 1002 134
person 982 89 1001 114
person 950 124 971 150
person 899 114 923 139
person 923 111 946 139
person 939 107 960 138
person 896 146 924 182
person 845 130 872 165
