person 116 253 172 322
person 268 157 286 179
person 283 150 302 172
person 303 157 321 178
person 318 137 339 159
person 330 156 351 181
person 360 157 382 179
person 420 158 447 190
person 332 123 351 143
person 355 130 372 150
person 381 121 398 139
person 391 116 410 139
person 410 108 428 129
person 428 125 451 147
person 463 119 485 144
person 487 125 511 153
person 474 103 495 125
person 457 104 474 121
person 437 93 451 110
person 472 84 488 102
person 507 87 523 106
person 507 76 520 91
person 538 99 558 120
person 567 104 589 126
person 588 80 605 101
person 563 72 580 91
person 516 70 529 82
person 597 61 610 76
person 610 82 628 104
person 623 75 639 94
person 622 67 635 81
person 632 46 648 65
person 649 64 665 83
person 662 73 679 95
person 667 52 680 66
person 694 48 709 67
person 689 58 703 77
person 715 55 731 76
person 593 136 615 164
person 508 167 538 205
person 564 170 597 207
person 615 203 646 243
person 706 182 742 222
person 647 133 675 161
person 644 114 666 138
person 686 90 707 115
person 703 101 726 128
person 700 139 725 174
person 738 117 764 147
person 739 98 760 117
person 724 80 744 104
person 750 71 765 91
person 768 151 795 187
person 795 133 820 162
person 771 99 795 132
person 790 86 806 106
person 792 67 808 88
person 779 57 794 79
person 798 58 813 76
person 815 66 831 85
person 825 60 840 81
person 848 71 864 89
person 827 83 843 103
person 846 94 865 118
person 869 88 886 109
person 854 61 867 76
person 884 71 902 91
person 898 99 917 125
person 828 145 858 181
person 869 134 891 167
person 927 117 947 146
person 980 156 1006 190
person 943 101 962 128
person 919 80 934 102
person 950 85 964 105
person 955 73 971 91
person 984 105 1004 131
person 986 88 1003 107
