person 181 231 224 282
person 287 111 304 130
person 306 112 323 132
person 318 124 336 148
person 366 119 389 144
person 391 120 410 147
person 402 134 430 159
person 396 112 416 132
person 365 97 380 116
person 373 88 389 105
person 418 78 431 94
person 453 76 465 89
person 462 80 475 92
person 465 88 481 106
person 461 100 481 118
person 452 111 474 136
person 470 70 480 84
person 482 71 497 85
person 496 62 505 75
person 484 84 501 99
person 510 83 525 104
person 530 78 547 97
person 535 73 548 90
person 514 69 528 83
person 556 78 571 93
person 554 93 575 115
person 576 80 594 100
person 592 76 609 93
person 580 61 593 74
person 603 54 616 65
person 607 69 620 86
person 625 82 644 98
person 625 56 637 72
person 638 58 656 77
person 673 55 687 71
person 725 31 739 47
person 547 121 569 146
person 604 127 631 158
person 609 110 631 133
person 658 114 680 138
person 702 95 722 122
person 727 90 747 112
person 731 121 749 146
person 759 127 781 155
person 762 160 792 195
person 758 100 779 126
person 723 71 742 89
person 754 63 769 83
person 778 71 792 88
person 786 86 803 104
person 782 107 806 132
person 803 64 815 80
person 820 71 830 85
person 823 87 838 105
person 834 75 848 92
person 848 74 860 91
person 860 89 877 108
person 847 107 869 133
person 837 122 853 149
person 878 121 894 143
person 883 104 898 125
person 877 83 891 102
person 892 95 904 110
person 902 73 918 92
person 891 182 920 218
person 906 129 929 160
person 934 103 952 127
person 929 90 945 107
person 949 92 961 111
