person 149 160 184 203
person 195 172 235 217
person 187 156 207 184
person 139 161 159 187
person 126 160 146 184
person 227 163 256 195
person 248 164 275 197
person 296 159 317 182
person 308 194 358 254
person 330 178 361 212
person 330 164 347 185
person 376 159 399 185
person 392 161 418 193
person 427 187 471 243
person 460 158 484 190
person 487 170 516 207
person 494 165 517 186
person 548 182 583 215
person 585 174 607 197
person 609 167 627 193
person 644 179 680 223
person 669 170 692 199
person 702 195 733 233
person 705 175 730 205
