person 99 239 121 266
person 118 245 141 274
person 140 257 166 292
person 182 265 215 302
person 247 260 279 294
person 263 249 280 269
person 277 250 299 279
person 310 245 330 271
person 336 219 353 239
person 311 269 344 309
person 351 259 377 292
person 368 253 387 280
person 390 252 411 278
person 421 247 444 273
person 436 264 466 306
person 465 295 503 341
person 491 252 506 272
person 507 253 524 278
person 520 264 550 297
person 563 249 580 273
person 596 273 630 312
person 626 257 643 280
person 642 253 662 275
person 645 270 663 297
person 678 250 702 275
person 702 280 737 314
person 758 262 784 295
person 779 260 799 288
person 821 251 842 280
person 603 254 622 280
