person 13 283 121 420
person 21 208 69 271
person 64 215 130 284
person 48 179 100 229
person 92 174 138 238
person 90 348 232 504
person 172 279 268 388
person 213 197 268 256
person 261 192 303 258
person 318 101 376 176
person 342 269 414 339
person 346 245 426 323
person 336 333 483 485
person 436 272 556 414
person 423 238 508 315
person 542 253 614 337
person 552 213 616 283
person 590 186 643 246
person 608 198 651 266
person 646 245 724 327
person 685 221 750 283
person 737 213 792 270
person 782 192 832 250
person 790 181 842 228
