person 37 333 121 435
person 40 267 126 336
person 11 238 71 303
person 21 188 63 242
person 1 178 36 225
person 35 130 72 169
person 2 116 24 143
person 142 128 179 161
person 189 227 244 303
person 246 154 284 208
person 236 121 271 156
person 360 128 398 173
person 311 190 356 234
person 285 254 341 332
person 310 300 403 422
person 458 270 521 347
person 405 222 456 287
person 448 170 495 232
person 429 110 457 147
person 385 101 413 140
person 450 102 471 131
person 478 104 503 142
person 499 86 525 115
person 497 130 535 177
person 538 143 585 202
person 525 75 546 103
person 613 80 641 108
person 657 77 682 109
person 670 94 697 128
person 702 78 726 117
person 673 135 717 193
person 644 116 675 155
person 602 135 636 170
person 579 184 623 245
person 545 212 599 294
