person 73 149 99 179
person 276 124 295 146
person 292 123 309 143
person 331 101 348 123
person 352 102 371 123
person 356 121 376 143
person 334 124 353 146
person 377 125 395 150
person 379 109 394 128
person 386 93 399 109
person 391 105 408 131
person 408 127 429 153
person 422 109 441 133
person 445 134 467 159
person 457 113 477 137
person 451 105 465 122
person 444 87 460 106
person 424 93 438 109
person 405 91 422 112
person 490 80 506 99
person 501 84 516 101
person 503 97 524 116
person 528 97 546 118
person 541 85 559 103
person 563 101 578 121
person 573 87 589 106
person 557 76 571 91
person 553 69 569 85
person 525 71 538 88
person 505 69 518 84
person 581 74 594 90
person 601 77 614 93
person 613 87 627 105
person 605 86 616 101
person 615 69 626 84
person 622 66 633 82
person 630 73 646 92
person 648 81 664 101
person 648 64 664 81
person 665 59 676 73
person 672 67 684 82
person 676 97 695 119
person 664 77 677 95
person 688 72 703 89
person 691 58 706 76
person 713 59 730 79
person 593 119 618 148
person 627 110 649 138
person 641 132 667 160
person 686 118 706 143
person 694 136 722 165
person 694 163 728 205
person 746 201 781 242
person 791 161 821 197
person 828 141 850 172
person 922 177 952 211
person 931 140 951 164
person 949 122 965 150
person 947 113 962 132
person 964 106 980 126
person 926 83 939 105
person 918 96 933 119
person 910 99 926 121
person 904 111 919 130
person 897 124 918 152
person 849 119 867 144
person 867 119 881 142
person 876 102 895 125
person 887 88 901 110
person 865 82 880 103
person 850 90 864 109
person 842 96 857 113
person 826 111 847 134
person 799 113 819 139
person 803 91 822 111
person 809 75 824 92
person 795 81 809 96
person 845 75 859 93
person 790 70 805 87
person 767 72 783 90
person 761 106 780 128
person 773 128 796 159
person 739 127 760 155
person 721 98 742 122
person 708 100 723 117
person 744 91 760 113
person 742 78 758 98
