person 52 269 107 339
person 266 159 284 178
person 286 156 303 180
person 316 143 333 167
person 327 132 342 149
person 355 120 374 140
person 393 120 408 138
person 397 112 418 133
person 428 95 446 111
person 476 80 487 96
person 508 71 524 87
person 501 81 521 96
person 453 108 468 124
person 458 133 480 154
person 488 108 504 127
person 518 106 535 121
person 485 130 505 151
person 561 72 577 94
person 590 62 608 78
person 584 73 597 89
person 565 111 589 134
person 602 88 623 109
person 612 70 636 87
person 631 51 649 69
person 664 51 680 68
person 653 69 672 93
person 638 114 656 135
person 586 159 611 191
person 497 166 524 200
person 630 145 659 177
person 684 61 699 77
person 712 59 725 76
person 725 57 739 73
person 685 92 705 114
person 722 97 738 124
person 693 139 715 172
person 632 183 663 224
person 700 183 729 222
person 747 70 769 96
person 774 61 790 87
person 742 116 765 143
person 749 152 781 181
person 771 105 789 130
person 799 53 813 66
person 793 129 816 159
person 828 65 840 80
person 823 86 841 107
person 825 156 846 189
person 857 130 878 161
person 842 66 854 84
person 843 94 864 121
person 862 71 872 85
person 880 73 894 91
person 895 99 918 124
person 924 66 937 84
person 920 124 934 143
person 958 70 970 90
person 943 110 961 130
person 981 91 998 110
person 984 85 998 105
person 980 108 998 126
person 980 147 1004 175
person 912 87 930 106
person 862 92 879 111
person 782 83 801 108
person 701 106 723 137
person 428 120 447 140
person 454 152 474 177
person 352 148 371 170
person 404 120 420 141
person 719 77 738 96
person 810 69 829 88
