person 10 189 59 240
person 18 146 46 174
person 1 137 19 164
person 50 134 73 155
person 84 140 106 163
person 72 162 108 199
person 153 153 179 181
person 107 129 124 147
person 136 131 154 149
person 141 119 158 135
person 173 127 190 145
person 195 118 209 133
person 206 124 220 140
person 226 119 237 131
person 270 86 286 107
person 275 131 295 152
person 228 133 251 152
person 191 145 215 168
person 140 181 181 218
person 111 234 176 295
person 235 184 274 231
person 232 152 260 183
person 257 144 277 173
person 261 127 276 146
person 315 153 338 177
person 281 168 311 203
person 351 200 404 245
person 281 279 359 332
person 362 170 393 206
person 390 164 413 193
person 399 142 422 167
person 398 136 417 151
person 406 129 422 143
person 333 139 350 156
person 323 126 337 143
person 350 132 366 149
person 363 130 377 145
person 361 76 377 92
