person 222 256 278 319
person 335 174 358 195
person 352 166 375 190
person 394 166 414 195
person 418 179 443 209
person 465 172 494 203
person 500 167 528 202
person 375 147 400 172
person 406 143 428 169
person 507 139 531 171
person 533 142 556 172
person 627 190 655 228
person 595 143 621 178
person 493 121 515 147
person 519 109 541 134
person 558 89 576 113
person 580 96 598 118
person 619 120 638 143
person 619 79 635 98
person 641 93 660 112
person 646 75 665 93
person 666 108 686 130
person 677 123 696 149
person 702 104 727 130
person 697 81 716 103
person 736 90 754 114
person 735 67 752 90
person 763 93 781 116
person 774 80 791 103
person 804 70 820 93
person 828 72 846 94
person 673 190 711 230
person 708 156 735 189
person 751 157 781 194
person 778 128 802 159
person 807 102 832 132
person 827 124 851 153
person 801 169 833 203
person 862 194 899 240
person 887 163 917 205
person 866 145 890 179
person 841 104 862 126
person 875 115 899 141
person 893 90 915 121
person 922 118 946 151
person 926 148 951 182
person 917 220 959 268
person 991 184 1017 227
person 1015 155 1042 193
person 1063 182 1091 227
person 1079 156 1106 194
person 1094 137 1116 172
person 1103 120 1124 148
person 1093 90 1111 112
person 1133 166 1157 205
person 971 134 993 160
person 948 112 969 139
person 953 86 971 109
person 976 90 994 115
person 1000 103 1021 133
person 1017 92 1037 121
person 1045 112 1068 142
person 1035 99 1052 117
