person 48 296 93 352
person 281 227 301 254
person 308 244 330 277
person 354 241 379 272
person 352 201 371 229
person 400 235 429 268
person 426 222 450 246
person 430 195 451 222
person 462 222 486 250
person 471 180 492 202
person 500 199 518 224
person 497 180 514 203
person 494 227 522 256
person 525 204 547 230
person 543 229 568 257
person 575 206 597 232
person 525 160 542 181
person 542 175 559 198
person 575 158 591 179
person 578 176 597 202
person 621 179 634 199
person 632 182 653 208
person 611 212 630 236
person 557 271 591 311
person 642 167 660 193
person 666 165 683 186
person 681 152 696 172
person 697 148 714 168
person 701 165 715 184
person 706 170 724 196
person 685 185 705 209
person 728 167 746 188
person 733 149 749 169
person 745 138 762 159
person 763 144 777 167
person 779 150 797 175
person 784 163 804 188
person 808 147 822 167
person 821 151 838 174
person 844 147 862 170
person 854 164 871 188
person 818 176 841 201
person 838 202 861 229
person 771 205 794 231
person 782 230 805 261
person 794 240 826 278
person 837 233 863 268
person 872 273 902 313
person 721 225 751 256
person 720 259 750 300
person 722 281 757 329
person 765 305 808 352
person 848 314 903 361
person 931 293 970 336
person 1022 293 1059 333
person 996 330 1040 375
person 891 168 912 195
person 901 164 918 187
person 923 150 940 173
person 881 191 902 214
person 953 163 969 183
person 966 162 986 188
person 950 191 973 219
person 998 180 1019 204
person 1025 170 1043 193
person 1034 188 1053 212
person 1043 180 1059 203
person 1065 172 1080 194
person 1087 185 1106 210
person 1116 209 1135 234
person 1135 204 1153 228
person 1141 189 1158 213
person 994 203 1019 233
person 1018 208 1043 237
person 1069 206 1090 235
person 1102 218 1125 244
person 1140 239 1164 270
person 1061 235 1089 270
person 1015 224 1043 255
person 1041 243 1071 282
person 981 239 1012 271
person 1101 305 1134 353
person 653 267 688 302
person 646 235 676 265
