person 140 214 179 257
person 235 102 249 118
person 286 80 303 99
person 311 80 329 98
person 266 95 284 111
person 268 109 281 129
person 304 91 320 110
person 348 67 360 84
person 393 64 405 80
person 369 64 382 86
person 376 69 389 87
person 442 49 454 61
person 418 61 431 72
person 426 61 438 77
person 347 86 367 107
person 362 92 374 107
person 339 123 356 149
person 355 101 368 121
person 391 83 405 95
person 414 84 432 101
person 444 80 458 93
person 454 65 469 81
person 462 53 472 66
person 495 52 508 63
person 466 77 481 94
person 486 67 502 83
person 528 45 544 58
person 502 62 522 85
person 500 80 514 96
person 538 64 552 81
person 522 97 543 118
person 524 73 539 95
person 521 59 539 81
person 579 45 591 61
person 571 66 588 87
person 573 83 589 103
person 548 102 574 136
person 605 77 620 95
person 609 43 621 55
person 622 48 635 62
person 630 40 645 55
person 614 93 632 113
person 612 112 630 136
person 621 138 649 170
person 653 59 666 78
person 644 80 659 92
person 672 60 683 71
person 652 104 669 126
person 686 50 697 64
person 672 82 690 103
person 674 106 694 127
person 698 56 710 73
person 703 73 718 86
person 718 58 729 70
person 731 55 741 70
person 714 90 730 105
person 707 127 730 151
person 756 66 769 85
person 734 88 753 107
person 752 95 771 115
person 742 110 760 133
person 781 73 796 96
person 817 66 827 76
person 819 83 829 99
person 804 99 818 118
person 816 164 841 192
person 835 115 851 134
person 842 103 860 120
person 839 91 855 113
person 849 78 869 104
person 472 66 485 81
person 657 174 683 205
person 555 60 568 75
