person 183 220 234 276
person 257 146 279 170
person 288 136 307 158
person 315 137 337 157
person 309 120 331 138
person 334 118 356 141
person 327 146 347 170
person 345 148 370 175
person 375 147 401 172
person 408 149 435 180
person 433 136 454 156
person 428 118 447 141
person 386 107 405 130
person 413 94 430 114
person 427 95 448 119
person 469 118 493 149
person 457 80 478 104
person 472 75 488 95
person 485 80 503 103
person 487 110 507 130
person 516 96 537 119
person 515 64 527 79
person 521 70 534 87
person 533 80 550 98
person 551 99 572 124
person 559 75 578 97
person 605 85 621 103
person 623 83 635 99
person 628 66 639 80
person 636 71 652 87
person 610 52 627 68
person 667 55 682 71
person 677 64 694 80
person 658 87 679 112
person 698 84 719 109
person 677 115 701 140
person 642 132 664 161
person 633 114 656 141
person 579 131 605 156
person 561 161 592 193
person 526 150 555 177
person 676 169 714 211
person 658 144 689 178
person 717 123 742 148
person 725 97 747 123
person 718 150 751 186
person 757 125 787 157
person 756 102 778 126
person 750 81 765 99
person 762 78 782 102
person 780 92 799 115
person 803 95 824 120
person 794 79 813 98
person 789 60 803 79
person 810 76 828 93
person 818 65 835 86
person 854 67 871 95
person 825 91 844 113
person 848 93 861 112
person 870 95 890 116
person 863 111 880 132
person 839 115 866 151
person 792 149 822 184
person 793 180 835 221
person 871 149 901 188
person 886 125 912 155
person 902 111 920 139
person 908 98 928 121
person 899 75 917 98
person 936 142 960 175
