person 60 214 97 252
person 73 183 111 223
person 48 180 77 213
person 49 167 76 191
person 112 140 130 161
person 126 132 149 156
person 160 147 189 176
person 176 188 204 227
person 184 170 214 198
person 171 170 194 196
person 211 191 256 237
person 226 133 248 152
person 252 125 272 141
person 233 119 251 136
person 239 109 254 124
person 281 120 300 139
person 283 140 309 174
person 305 126 327 147
person 321 170 347 210
person 338 1 392 56
person 437 144 464 181
person 482 149 499 183
person 91 55 106 76
person 125 82 138 96
person 170 83 185 97
person 153 123 168 140
person 159 110 174 125
person 179 112 194 126
person 170 129 186 147
person 130 111 145 129
person 104 134 121 152
person 82 132 100 149
person 78 115 88 131
person 67 110 79 125
person 42 164 66 182
person 32 147 56 167
person 32 137 50 153
person 37 119 50 131
person 28 118 41 130
person 20 115 32 128
