person 90 344 156 429
person 165 366 216 423
person 148 344 183 382
person 177 332 202 366
person 148 331 168 351
person 169 328 187 351
person 205 328 225 351
person 247 329 267 353
person 280 335 304 367
person 265 361 314 412
person 299 344 367 429
person 307 322 327 345
person 326 332 341 354
person 343 329 357 349
person 350 327 364 344
person 361 343 385 375
person 390 331 407 354
person 405 324 419 344
person 422 326 440 352
person 435 347 466 384
person 448 360 498 427
person 456 330 477 354
person 475 321 487 347
person 490 332 512 361
person 507 353 542 407
person 536 331 568 365
person 531 326 548 349
person 597 327 619 361
person 633 337 686 398
person 726 326 755 360
person 797 323 834 367
person 817 360 864 416
person 890 345 928 395
person 912 340 944 388
