person 5 168 20 183
person 20 175 39 192
person 44 161 57 170
person 58 166 73 180
person 80 156 91 165
person 96 151 106 161
person 104 148 113 157
person 107 175 122 188
person 114 156 125 168
person 130 152 141 162
person 153 163 165 176
person 175 151 187 166
person 173 141 184 150
person 191 146 199 154
person 199 165 212 183
person 153 142 163 154
person 139 109 150 121
person 339 124 359 146
person 347 141 375 173
person 414 136 462 186
person 439 150 537 232
person 362 98 376 113
person 336 114 350 129
person 322 119 331 131
