person 3 258 24 290
person 17 260 58 302
person 115 284 171 339
person 135 246 159 273
person 152 250 182 284
person 212 246 237 271
person 246 246 265 272
person 190 285 264 359
person 287 243 307 264
person 301 254 319 274
person 325 249 342 265
person 335 254 360 281
person 344 270 383 312
person 385 252 408 275
person 417 248 437 271
person 415 279 455 320
person 371 327 513 486
person 533 225 550 248
person 552 258 577 280
person 553 273 584 307
person 669 279 736 352
person 732 278 769 316
person 756 270 787 300
