person 72 311 129 372
person 285 142 310 170
person 302 141 326 170
person 328 132 349 164
person 397 127 423 154
person 397 105 423 131
person 425 123 450 155
person 461 141 487 171
person 449 106 470 131
person 473 96 493 118
person 505 124 527 149
person 554 163 582 192
person 601 125 631 154
person 627 106 649 133
person 610 81 628 106
person 628 75 644 96
person 568 79 593 103
person 556 98 575 123
person 534 90 551 115
person 669 79 687 105
person 695 115 719 144
person 736 102 759 128
person 700 81 719 100
person 704 66 723 87
person 735 66 753 86
person 740 81 763 103
person 758 64 776 80
person 767 76 787 97
person 775 101 797 123
person 775 89 793 107
person 796 61 818 83
person 822 74 843 96
person 831 63 849 85
person 827 96 846 117
person 841 116 865 149
person 872 107 895 134
person 867 82 886 109
person 872 70 892 91
person 903 76 924 100
person 766 158 791 191
person 723 182 752 218
person 767 204 801 240
person 821 217 859 263
person 914 215 946 255
person 906 138 933 168
person 935 119 957 147
person 960 103 979 122
person 982 90 998 116
person 961 147 986 178
person 1006 126 1024 154
person 989 115 1009 140
person 1028 91 1048 116
person 1051 109 1068 133
person 1024 120 1043 150
person 1026 164 1052 197
person 997 252 1041 299
person 1063 273 1104 320
person 1101 224 1130 265
person 1084 182 1111 215
person 1100 124 1119 149
person 1122 152 1142 180
person 1136 128 1151 150
person 1149 136 1165 162
person 1172 144 1192 168
person 1197 131 1214 153
person 1141 185 1166 214
person 1195 247 1224 290
person 1191 208 1218 245
person 1226 199 1250 231
person 1219 174 1238 202
person 1233 165 1248 191
person 1238 139 1255 164
