person 187 255 239 307
person 247 212 289 273
person 382 143 402 168
person 325 165 347 193
person 495 178 528 215
person 430 133 449 156
person 452 168 479 194
person 469 124 489 149
person 473 101 491 125
person 497 109 516 130
person 566 109 583 131
person 693 139 717 171
person 754 156 777 189
person 807 164 830 196
person 929 120 948 146
person 728 81 745 102
person 758 78 774 96
person 773 81 787 103
person 792 79 810 97
person 816 82 834 106
person 845 93 865 115
person 865 68 877 85
person 610 82 623 102
person 583 80 598 99
person 560 74 576 94
person 538 86 556 109
person 507 86 522 106
person 493 84 509 103
