person 133 1166 312 1340
person 60 1165 180 1313
person 345 1111 494 1287
person 566 1054 716 1223
person 633 1226 818 1416
person 852 1182 994 1351
person 951 1238 1093 1413
person 1014 1083 1147 1235
person 678 542 797 671
person 803 584 928 727
person 953 595 1064 733
person 1138 604 1266 762
person 1268 570 1350 679
person 1233 1242 1386 1413
person 1211 1142 1333 1279
person 1244 1071 1380 1202
person 1347 576 1431 692
person 1447 1155 1590 1298
person 1553 1110 1660 1237
person 1594 1033 1713 1167
person 1627 1220 1779 1411
person 1737 1185 1875 1363
person 2017 1242 2173 1414
person 2017 1150 2142 1271
person 2030 1076 2131 1188
person 2205 1128 2317 1273
person 2290 1179 2431 1358
person 2092 565 2216 727
person 2386 554 2498 679
person 1859 554 1969 652
person 1794 599 1861 675
person 1708 553 1798 636
person 1522 565 1638 688
person 1465 556 1562 644
person 1597 552 1680 640
person 2632 477 2973 858
person 3202 1121 3321 1305
person 3362 1238 3527 1445
