person 30 240 94 306
person 1 197 20 238
person 80 206 103 230
person 101 202 120 223
person 130 210 158 240
person 135 231 161 258
person 204 226 239 264
person 213 207 232 231
person 252 214 274 238
person 281 219 304 245
person 364 156 380 169
person 448 187 463 202
person 457 171 474 187
person 469 190 486 207
person 500 195 515 214
person 512 178 529 198
person 517 160 535 175
person 551 156 564 170
person 528 244 555 270
person 589 230 627 268
person 632 223 651 246
person 591 183 610 205
person 569 179 586 197
person 580 159 596 176
person 617 156 632 176
