person 58 248 109 302
person 195 155 218 183
person 219 164 249 194
person 272 135 300 164
person 322 136 347 166
person 353 128 377 157
person 326 117 351 142
person 372 119 396 148
person 390 109 418 138
person 424 107 449 133
person 398 145 426 180
person 434 130 458 157
person 478 174 509 208
person 466 99 486 121
person 478 111 501 132
person 522 141 548 169
person 497 96 519 120
person 523 104 550 129
person 556 88 576 108
person 555 120 580 144
person 588 98 607 120
person 627 127 649 151
person 647 115 668 135
person 635 93 655 114
person 629 76 649 94
person 668 75 690 96
person 681 67 702 87
person 664 99 685 120
person 695 89 716 108
person 701 101 720 126
person 715 114 737 136
person 726 72 746 93
person 756 82 778 109
person 761 104 779 124
person 772 79 791 102
person 798 76 816 96
person 798 92 816 115
person 824 93 842 116
person 797 119 818 144
person 772 128 801 156
person 702 160 733 199
person 651 188 682 224
person 679 213 717 255
person 762 222 796 265
person 829 156 860 189
person 865 131 884 157
person 851 127 871 150
person 874 106 893 128
person 903 122 924 150
person 907 110 927 130
person 947 106 969 133
person 956 127 979 157
person 977 123 994 147
person 922 147 947 179
person 952 172 980 203
person 873 164 901 198
person 834 236 864 275
person 905 254 948 308
person 1016 273 1052 320
person 1036 230 1065 270
person 1009 211 1040 251
person 1025 172 1049 204
person 1048 161 1073 187
person 1021 132 1042 156
person 1066 148 1083 170
person 1062 131 1084 152
person 1103 155 1120 180
person 1124 141 1144 169
person 1091 182 1118 215
person 1117 211 1144 253
person 1124 253 1163 296
person 1147 206 1177 244
person 1161 183 1179 210
person 1165 148 1182 170
