person 81 155 99 174
person 76 146 91 159
person 58 146 72 160
person 68 123 80 134
person 88 125 97 137
person 91 112 100 122
person 107 139 119 151
person 112 145 125 161
person 118 122 125 131
person 133 141 143 152
person 127 157 140 171
person 127 165 147 187
person 135 126 143 136
person 150 139 159 148
person 164 158 176 173
person 189 159 209 184
person 203 155 218 175
person 182 147 192 159
person 172 141 181 152
person 164 124 172 133
person 180 125 186 133
person 190 133 198 142
person 196 140 204 149
person 199 129 205 137
person 208 136 215 144
person 216 141 223 149
person 211 147 222 159
person 230 151 241 163
person 235 160 248 177
person 235 142 244 152
person 225 135 232 143
person 209 129 217 135
person 232 125 240 134
person 250 134 258 143
person 246 124 253 134
person 254 125 260 131
person 252 144 261 152
person 255 149 266 162
person 267 157 282 173
person 252 163 271 187
person 266 135 273 145
person 261 128 268 137
person 272 127 278 136
person 277 139 285 150
person 280 151 289 165
person 292 156 307 174
person 288 135 295 147
person 284 129 290 139
person 291 128 297 136
person 300 131 306 139
person 298 143 305 153
person 307 148 316 159
person 312 162 330 186
person 305 135 313 146
person 315 129 321 137
person 329 124 337 133
person 330 137 338 147
person 322 143 331 153
person 332 150 343 162
person 326 161 337 175
person 344 160 356 177
person 345 145 354 156
person 352 140 359 147
person 349 124 356 132
person 367 125 374 133
person 359 146 370 158
person 368 137 375 148
person 374 142 383 153
person 363 159 375 175
person 388 162 401 179
person 390 168 411 193
person 388 152 400 166
person 396 146 406 156
person 395 137 403 147
person 391 127 398 135
person 410 124 421 133
person 417 144 426 156
person 424 136 433 145
person 430 122 440 133
person 433 142 443 155
person 425 153 440 166
person 415 164 430 182
