person 14 243 32 262
person 46 241 61 259
person 59 251 78 271
person 82 246 99 265
person 78 233 94 248
person 105 219 120 235
person 124 213 137 229
person 105 200 117 215
person 116 267 140 293
person 128 244 145 264
person 140 260 159 281
person 155 248 169 265
person 156 236 169 250
person 166 230 177 247
person 150 196 167 214
person 172 175 179 187
person 182 183 191 194
person 196 187 206 200
person 185 227 196 241
person 185 219 199 230
person 194 204 208 220
person 181 252 199 272
person 179 273 205 301
person 126 295 156 324
person 201 265 227 296
person 218 289 262 339
person 270 272 308 315
person 245 265 267 286
person 267 254 285 273
person 209 243 229 265
person 222 223 238 245
person 233 234 250 255
person 232 214 245 229
person 240 220 253 236
person 241 199 256 215
person 214 169 224 181
person 218 158 226 167
person 225 160 234 170
person 233 158 242 169
person 240 163 250 175
person 254 163 263 175
person 264 173 273 184
person 287 182 297 195
person 295 199 304 212
person 284 205 296 218
person 280 214 291 227
person 274 216 283 231
person 260 227 277 249
person 288 235 308 255
person 299 227 316 245
person 316 238 340 263
person 336 239 353 260
person 351 230 363 245
person 336 217 351 234
person 369 221 388 245
person 374 235 403 262
person 392 235 416 261
person 421 219 444 243
person 453 219 474 246
person 482 237 509 269
person 504 224 531 255
person 526 201 544 224
