person 275 144 300 175
person 268 123 287 144
person 275 109 290 126
person 279 98 293 115
person 285 87 295 101
person 284 77 293 85
person 289 72 298 80
person 365 167 400 218
person 345 146 371 176
person 330 125 349 150
person 327 112 346 131
person 314 96 328 114
person 305 90 319 103
person 328 84 340 96
person 338 89 351 107
person 352 98 368 117
person 364 106 381 127
person 379 124 397 151
person 328 75 338 85
person 308 83 317 92
person 36 156 74 197
person 1 152 25 184
person 26 131 47 154
person 35 123 53 139
person 64 131 90 161
person 104 138 132 167
person 152 120 172 145
person 172 108 187 124
person 195 100 207 115
person 207 93 217 106
person 213 89 222 100
person 221 82 229 93
person 232 80 239 89
person 237 78 244 87
person 218 72 225 79
person 214 79 220 89
person 205 82 214 93
person 194 87 203 99
person 183 92 194 103
person 167 98 179 109
person 145 110 158 125
person 110 120 130 137
person 83 116 98 136
person 88 104 103 119
person 108 100 122 116
person 118 107 132 122
person 139 97 150 110
person 134 89 145 102
person 154 89 166 103
person 164 84 174 95
person 176 83 186 96
person 183 76 192 84
person 189 81 198 90
person 142 76 148 85
person 129 76 138 86
person 123 73 131 82
person 116 76 124 82
person 112 80 121 86
person 117 85 124 94
person 104 84 111 94
person 97 85 106 98
person 83 83 92 90
person 80 87 91 97
person 76 92 85 102
person 65 87 75 98
person 54 88 64 100
person 49 99 61 115
person 35 89 47 100
person 19 95 32 108
person 11 104 27 119
person 1 97 13 114
