person 17 287 46 324
person 282 227 301 252
person 316 234 338 262
person 348 207 368 228
person 349 244 371 272
person 406 248 431 275
person 432 196 453 220
person 459 236 478 260
person 451 220 471 246
person 481 173 499 192
person 571 161 591 180
person 560 163 576 182
person 572 177 593 197
person 598 179 619 203
person 629 171 648 186
person 629 183 647 206
person 673 152 686 167
person 696 152 716 171
person 670 167 687 183
person 681 173 703 195
person 670 187 690 209
person 630 207 651 232
person 572 205 592 227
person 536 208 560 229
person 537 230 564 256
person 499 232 523 255
person 501 203 524 225
person 521 179 536 192
person 735 148 751 166
person 746 137 759 153
person 762 148 779 164
person 801 147 813 162
person 782 168 801 189
person 818 154 834 173
person 836 152 849 171
person 815 180 840 205
person 736 167 756 188
person 906 149 920 171
person 950 152 969 174
person 945 172 961 187
person 908 177 926 202
person 926 187 949 214
person 869 192 891 217
person 856 178 873 199
person 986 167 1000 182
person 1023 174 1041 193
person 1047 179 1063 197
person 1062 171 1080 192
person 1090 193 1106 213
person 1141 192 1155 210
person 1135 209 1152 231
person 1061 213 1079 239
person 1039 196 1056 218
person 989 202 1009 227
person 1018 204 1038 233
person 983 231 1005 254
person 974 245 996 274
person 1048 236 1071 263
person 1126 241 1145 262
person 1111 262 1137 298
person 1042 272 1069 305
person 1094 307 1118 342
person 1016 310 1046 338
person 951 274 978 302
person 894 265 921 297
person 834 230 861 257
person 799 248 831 279
person 790 227 811 251
person 771 208 793 233
person 722 218 747 245
person 606 257 633 297
person 652 247 681 280
person 653 267 683 303
person 701 280 731 309
person 732 283 769 322
person 796 303 832 346
person 851 327 895 382
person 1001 339 1039 387
