hat 213 103 250 154
hat 245 149 285 195
hat 295 155 332 191
hat 1 86 84 161
hat 39 83 87 122
hat 174 53 182 62
person 178 201 221 257
person 82 225 137 305
person 1 178 53 269
person 91 155 157 236
person 330 146 409 231
person 439 178 469 212
person 449 151 482 184
person 428 139 450 161
person 344 124 373 155
person 323 131 344 154
person 304 123 324 150
person 243 115 267 144
person 116 95 152 135
person 107 131 138 162
person 147 96 170 128
person 111 4 119 16
person 469 134 484 150
person 476 139 494 159
person 367 106 378 116
person 333 116 346 132
person 92 3 100 12
