person 64 302 127 369
person 235 149 261 172
person 246 163 272 188
person 307 132 329 156
person 326 134 348 163
person 343 117 368 145
person 379 124 403 157
person 394 116 416 146
person 415 110 437 134
person 416 146 443 178
person 455 140 477 166
person 446 106 466 130
person 497 107 517 130
person 506 165 534 196
person 546 139 572 165
person 512 90 533 114
person 529 93 547 107
person 556 94 582 119
person 574 83 593 106
person 579 114 603 136
person 608 94 629 117
person 620 88 639 110
person 643 125 667 153
person 668 115 688 140
person 664 85 687 111
person 653 75 672 95
person 687 73 705 94
person 707 67 725 89
person 689 94 712 119
person 716 86 734 104
person 727 98 744 119
person 737 107 758 135
person 721 162 751 196
person 676 189 706 219
person 710 209 744 248
person 750 70 767 93
person 776 79 795 100
person 781 100 800 123
person 795 71 812 91
person 826 77 843 96
person 818 85 836 110
person 851 84 869 105
person 831 118 853 144
person 783 138 815 171
person 863 146 891 171
person 883 128 907 152
person 889 108 910 131
person 923 101 945 126
person 933 111 954 138
person 779 224 818 257
person 855 227 897 266
person 895 158 925 186
person 969 107 992 128
person 983 126 1005 150
person 950 141 976 173
person 977 164 1000 198
person 950 239 986 285
person 1037 267 1074 314
person 1029 207 1058 243
person 1011 121 1032 145
person 1045 132 1066 153
person 1058 125 1077 148
person 1085 143 1103 168
person 1094 133 1111 153
person 1043 174 1067 204
person 1069 166 1089 191
person 1117 185 1137 215
person 1068 220 1097 252
person 1139 215 1164 249
person 1153 243 1184 289
person 1174 208 1197 236
person 1176 191 1195 218
person 1176 176 1196 200
person 1121 152 1139 177
person 1153 140 1169 165
person 1193 145 1209 168
