person 98 323 155 395
person 285 144 308 172
person 295 145 318 172
person 350 130 372 155
person 390 114 413 141
person 388 130 407 154
person 419 125 442 149
person 440 111 458 136
person 459 110 478 129
person 525 96 541 116
person 528 89 549 113
person 500 129 523 157
person 463 143 486 174
person 547 105 565 129
person 550 162 578 195
person 594 127 621 156
person 591 75 608 94
person 601 88 622 114
person 623 80 639 102
person 660 87 680 109
person 643 87 666 112
person 627 114 650 138
person 698 70 717 94
person 710 84 730 107
person 728 70 744 96
person 751 67 769 87
person 764 82 782 100
person 800 68 818 88
person 832 66 856 87
person 820 78 836 102
person 829 98 847 119
person 867 72 890 91
person 869 82 888 107
person 901 82 919 102
person 761 114 781 138
person 766 154 795 184
person 722 187 744 214
person 831 126 855 154
person 862 117 883 142
person 757 206 791 237
person 825 221 854 260
person 899 153 924 179
person 927 124 951 151
person 946 107 964 128
person 973 99 992 121
person 1014 102 1038 134
person 993 132 1017 165
person 1027 122 1045 142
person 1038 114 1059 139
person 941 160 965 191
person 896 224 929 261
person 991 251 1023 301
person 1000 168 1027 199
person 1080 128 1101 154
person 1133 122 1148 145
person 1133 145 1150 165
person 1081 190 1108 223
person 1116 164 1138 188
person 1109 226 1137 255
person 1078 279 1115 332
person 1187 241 1219 284
person 1165 147 1183 176
person 1190 132 1206 160
person 1232 143 1248 169
person 1162 178 1184 206
person 1218 172 1244 202
person 1193 205 1218 241
person 1219 199 1239 231
person 739 110 756 130
person 659 123 684 149
person 771 93 792 119
