person 174 167 222 215
person 246 117 263 132
person 269 84 284 101
person 309 72 325 93
person 314 112 333 134
person 349 56 361 70
person 367 57 379 74
person 358 110 379 133
person 387 127 408 147
person 406 83 420 102
person 429 52 444 65
person 447 74 464 99
person 479 54 492 69
person 469 63 477 74
person 504 84 516 99
person 469 76 481 89
person 504 66 512 82
person 498 58 508 69
person 514 58 524 72
person 546 53 560 72
person 544 118 562 145
person 518 93 531 113
person 567 49 576 60
person 595 47 608 62
person 576 56 593 81
person 622 48 635 66
person 638 40 651 57
person 585 119 603 144
person 620 82 640 105
person 662 55 675 72
person 630 128 648 152
person 631 102 652 127
person 659 86 674 102
person 669 102 682 120
person 676 117 695 139
person 680 133 701 158
person 697 50 715 71
person 681 68 695 82
person 731 72 748 92
person 721 118 740 145
person 744 142 765 166
person 747 78 761 95
person 747 58 764 76
person 765 64 779 83
person 798 50 814 64
person 795 74 814 88
person 782 87 800 104
person 799 93 817 110
person 789 109 808 127
person 817 86 831 104
person 802 142 826 171
person 807 122 830 140
person 836 106 852 126
person 855 78 869 97
person 877 76 891 102
person 890 79 900 97
person 919 69 930 90
person 880 105 898 128
person 854 133 877 157
person 876 136 893 159
person 836 156 865 186
person 827 73 844 88
person 625 53 638 69
person 392 107 411 129
person 414 71 430 84
