person 153 132 172 156
person 176 120 195 138
person 283 114 296 132
person 295 112 312 132
person 347 99 361 119
person 359 107 371 126
person 368 105 384 121
person 381 114 400 139
person 419 115 436 141
person 453 109 476 140
person 432 81 450 97
person 461 100 484 127
person 441 64 455 82
person 472 56 487 75
person 454 63 465 75
person 493 70 503 84
person 506 68 516 82
person 504 85 519 99
person 530 89 546 108
person 529 70 540 83
person 528 44 541 58
person 550 61 564 79
person 565 54 575 70
person 589 62 602 75
person 568 82 580 97
person 588 53 600 65
person 607 61 619 79
person 607 50 617 63
person 618 45 635 66
person 637 59 649 76
person 669 46 684 66
person 487 107 506 126
person 600 105 621 129
person 589 138 612 165
person 646 176 673 213
person 675 100 692 122
person 686 116 710 143
person 699 151 722 179
person 744 115 764 136
person 722 104 741 125
person 709 73 724 90
person 739 73 751 91
person 761 68 773 84
person 781 77 796 96
person 774 112 788 132
person 784 134 803 157
person 745 207 773 237
person 781 197 807 229
person 799 215 824 253
person 801 166 822 196
person 836 140 854 166
person 851 119 867 142
person 886 154 905 179
person 909 115 924 135
person 401 82 415 96
