person 728 160 773 211
person 782 121 802 149
person 625 110 647 130
person 592 104 615 125
person 560 96 581 118
person 514 107 536 131
person 474 98 497 118
person 402 106 421 128
person 325 88 340 106
person 286 92 304 109
person 351 78 364 95
person 365 81 380 98
person 391 72 405 90
person 390 63 403 76
person 408 73 423 92
person 413 61 429 74
person 422 71 441 90
person 445 53 458 71
person 442 85 463 107
person 464 78 482 99
person 443 73 459 88
person 469 55 482 71
person 479 65 496 85
person 495 70 514 86
person 506 55 522 77
person 516 52 532 67
person 532 63 549 78
person 515 83 532 100
person 483 85 503 101
person 550 44 569 58
person 550 74 566 90
person 558 54 573 71
person 587 61 598 76
person 588 50 600 64
person 604 47 614 63
person 632 54 644 68
person 585 86 601 106
person 621 80 637 99
person 639 83 655 102
person 646 63 659 81
person 660 66 673 81
person 664 78 677 94
person 713 93 730 115
person 691 77 703 99
person 681 62 693 76
person 712 57 724 72
person 723 71 737 89
person 738 57 748 74
person 743 76 756 95
person 765 91 781 115
person 766 65 776 83
person 784 65 796 81
person 815 79 828 99
person 846 75 858 93
person 826 111 847 139
person 799 108 816 132
person 839 104 855 127
