person 220 258 362 415
person 84 167 205 295
person 1 153 73 250
person 187 121 239 173
person 238 102 280 155
person 261 131 298 179
person 289 89 328 135
person 322 115 358 157
person 360 115 408 171
person 418 115 465 173
person 417 39 448 89
person 472 98 504 141
person 491 112 529 148
person 512 133 559 198
person 524 94 553 129
person 553 103 589 146
person 609 131 655 193
person 638 110 667 142
person 673 99 703 141
person 710 101 740 140
person 775 112 810 162
person 836 110 869 155
person 962 102 1012 164
