person 127 321 166 367
person 82 298 117 339
person 86 245 114 280
person 14 165 34 187
person 35 150 54 174
person 46 123 62 141
person 141 138 161 162
person 154 129 169 149
person 182 119 201 143
person 213 119 230 143
person 210 156 235 182
person 231 252 259 290
person 277 212 302 242
person 292 182 313 211
person 242 85 256 103
person 269 87 287 109
person 302 85 316 102
person 350 126 370 149
person 363 105 380 125
person 366 91 382 107
person 388 143 408 167
person 428 126 449 151
person 472 117 491 138
person 439 63 455 82
person 497 64 513 83
person 516 56 530 73
person 508 109 528 132
person 572 88 589 107
person 600 78 615 97
person 592 58 608 76
person 577 105 593 124
person 614 113 629 135
person 629 73 643 88
person 644 58 657 73
person 670 105 687 122
person 601 138 620 161
person 579 168 604 201
person 675 183 703 216
person 705 125 723 150
person 709 92 727 113
person 725 69 740 88
person 763 78 779 98
person 738 88 752 105
person 772 153 792 173
person 799 98 814 116
person 692 270 723 310
person 841 200 863 228
person 870 165 896 188
person 864 138 881 160
person 880 134 893 150
person 895 131 908 147
person 886 121 900 134
person 950 127 967 148
person 1003 145 1019 164
person 1054 170 1071 190
person 1139 218 1161 245
person 950 212 980 243
