person 188 239 242 297
person 249 212 295 269
person 291 114 309 136
person 360 144 377 171
person 379 152 404 179
person 445 160 472 190
person 502 175 529 205
person 463 133 482 156
person 441 126 459 146
person 418 106 436 126
person 474 106 489 126
person 497 115 512 133
person 563 114 579 135
person 482 84 494 98
person 492 88 506 99
person 501 98 517 112
person 511 74 523 86
person 560 77 573 91
person 537 95 553 114
person 586 86 602 103
person 608 87 623 106
person 606 60 619 73
person 736 53 750 70
person 630 143 653 166
person 704 143 730 166
person 757 158 777 187
person 797 167 826 197
person 724 87 740 108
person 752 75 767 92
person 779 89 793 107
person 787 79 802 97
person 797 96 816 118
person 846 103 863 126
person 799 53 814 72
person 864 69 880 86
person 895 99 910 116
person 926 127 941 155
