person 84 502 405 849
person 67 385 275 582
person 128 316 313 501
person 172 214 312 403
person 9 227 126 387
person 158 62 264 196
person 224 158 336 284
person 312 161 379 293
person 372 146 442 251
person 405 214 496 343
person 343 316 462 453
person 506 329 612 458
person 541 230 633 337
person 546 168 615 239
person 428 115 522 230
person 662 176 742 292
person 679 336 804 464
person 816 329 914 476
person 808 108 906 231
person 1008 349 1121 497
person 1136 339 1249 484
person 1202 113 1280 256
