person 134 343 183 391
person 264 223 285 248
person 295 237 318 263
person 331 207 350 226
person 327 250 350 276
person 386 236 414 266
person 415 225 434 244
person 414 197 432 218
person 463 169 481 189
person 505 172 524 189
person 526 172 545 196
person 553 157 573 178
person 561 173 579 194
person 561 202 579 221
person 479 216 504 243
person 480 184 497 205
person 533 221 556 250
person 603 173 621 193
person 614 167 631 182
person 626 163 644 182
person 632 181 655 201
person 646 165 667 186
person 657 182 683 202
person 661 146 681 165
person 679 145 698 163
person 725 136 742 151
person 721 149 739 165
person 749 141 769 156
person 764 146 779 161
person 804 137 821 152
person 802 150 821 167
person 820 148 835 163
person 759 163 777 181
person 716 167 735 187
person 690 178 707 196
person 592 215 620 240
person 845 163 863 187
person 883 167 900 187
person 887 158 902 177
person 897 157 909 170
person 937 157 954 177
person 972 160 989 178
person 979 177 1001 201
person 1017 170 1035 191
person 1027 179 1044 201
person 1056 169 1074 189
person 1074 182 1094 208
person 1130 188 1148 204
person 1117 204 1139 225
person 1107 217 1124 241
person 1067 211 1087 231
person 1041 225 1063 250
person 1016 208 1037 233
person 955 196 974 215
person 938 188 955 211
person 840 196 861 220
person 800 180 816 201
person 443 229 464 255
person 559 263 590 299
person 636 231 664 264
person 620 281 657 323
person 688 297 726 345
person 745 302 786 348
person 755 197 778 222
person 714 216 736 242
person 729 241 752 270
person 769 228 792 256
person 777 239 805 266
person 808 206 831 234
person 825 237 850 270
person 858 261 888 300
person 935 277 964 310
person 969 238 996 266
person 1023 244 1050 268
person 1018 269 1045 300
person 1116 267 1139 293
person 1105 306 1138 347
person 1003 309 1038 352
person 977 321 1013 363
person 824 354 869 403
