person 963 73 972 89
person 989 89 998 104
person 992 87 1004 106
person 979 106 993 128
person 972 154 992 186
person 948 98 960 119
person 936 110 954 134
person 924 120 942 143
person 918 77 930 94
person 902 84 916 105
person 895 99 911 124
person 880 77 894 98
person 863 93 879 112
person 860 72 871 87
person 839 65 849 81
person 845 77 856 95
person 843 102 860 126
person 830 73 842 93
person 813 86 829 112
person 743 53 755 69
person 794 60 808 78
person 786 64 800 83
person 788 77 803 95
person 801 124 822 151
person 783 107 797 129
person 742 117 762 147
person 736 95 752 119
person 725 88 741 109
person 705 68 718 86
person 750 79 765 102
person 679 104 699 127
person 698 116 718 140
person 693 144 715 176
person 634 123 653 147
person 635 149 658 177
person 708 181 735 219
person 635 182 661 213
person 756 157 779 188
person 824 163 850 198
person 680 57 690 73
person 679 70 691 85
person 659 62 671 75
person 636 60 647 76
person 603 63 613 76
person 620 69 630 83
person 618 87 632 107
person 566 74 578 89
person 557 78 571 98
person 571 91 587 110
person 586 80 600 100
person 552 119 571 142
person 597 138 619 169
person 584 161 608 194
person 534 95 550 116
person 515 75 525 90
person 498 89 511 110
person 518 113 534 133
person 479 96 492 114
person 492 109 508 130
person 497 124 517 150
person 503 172 524 203
person 475 90 488 103
person 470 124 487 146
person 462 116 477 134
person 452 100 464 115
person 440 123 456 144
person 404 114 416 132
person 396 125 412 148
person 426 163 445 193
person 360 129 375 150
person 371 135 386 152
person 354 156 371 180
person 324 134 337 149
person 268 160 282 175
person 310 150 327 171
person 331 152 348 175
person 36 223 66 264
