person 103 261 147 303
person 162 276 205 315
person 203 275 245 322
person 246 278 286 323
person 266 254 298 287
person 195 206 228 240
person 334 268 388 322
person 329 253 364 292
person 382 254 428 299
person 419 277 476 340
person 444 251 492 298
person 487 253 511 280
person 501 266 542 316
person 541 260 569 294
person 539 247 566 272
person 558 266 617 329
person 569 250 597 277
person 610 246 660 306
person 662 250 694 285
person 675 272 733 350
person 701 249 733 282
person 695 236 718 262
person 740 230 762 261
person 777 245 800 278
person 725 270 767 320
