person 169 231 211 277
person 334 130 355 155
person 378 130 403 153
person 439 138 457 161
person 491 119 514 139
person 438 116 455 135
person 387 103 404 121
person 362 103 377 119
person 419 96 435 115
person 466 98 485 116
person 464 76 478 90
person 499 68 511 82
person 526 69 537 82
person 541 70 554 81
person 510 100 527 117
person 533 105 554 123
person 585 92 600 110
person 580 63 590 80
person 618 59 629 71
person 620 74 634 89
person 633 135 653 160
person 580 128 603 151
person 626 112 645 131
person 652 95 674 115
person 748 94 762 110
person 734 80 746 94
person 697 91 716 105
person 697 107 713 127
person 715 117 734 143
person 760 141 778 160
person 661 145 688 172
person 770 159 793 188
person 801 162 820 188
person 832 165 857 194
person 864 150 884 173
person 909 182 933 216
person 928 167 946 191
person 929 104 946 128
person 952 93 963 112
person 865 101 879 119
person 889 121 908 144
person 836 124 853 144
person 849 109 866 126
person 839 98 856 116
person 934 153 950 175
