person 271 281 331 350
person 335 169 355 189
person 367 162 387 186
person 392 167 414 193
person 414 165 439 197
person 401 147 424 169
person 395 143 415 158
person 389 168 405 186
person 459 171 484 200
person 489 179 517 210
person 487 150 511 176
person 462 124 485 151
person 488 112 509 132
person 519 120 537 141
person 529 108 548 134
person 556 145 582 171
person 586 147 609 176
person 554 100 574 122
person 577 100 595 125
person 636 130 662 153
person 665 108 687 133
person 634 96 651 116
person 615 80 630 98
person 675 92 695 112
person 705 110 724 134
person 716 95 736 117
person 754 91 771 112
person 768 83 786 103
person 751 58 771 83
person 796 74 815 94
person 834 69 851 91
person 600 187 636 223
person 653 207 693 251
person 675 166 706 200
person 752 137 776 168
person 763 163 796 197
person 821 158 854 191
person 833 195 874 238
person 905 214 950 265
person 888 187 922 231
person 967 175 1001 212
person 929 141 955 170
person 861 144 893 175
person 807 113 829 139
person 849 98 871 124
person 896 96 917 123
person 937 96 957 115
person 951 111 970 136
person 971 99 987 120
person 999 112 1016 137
person 962 138 988 166
person 997 145 1025 182
person 1035 99 1050 120
person 1012 110 1031 132
person 1064 197 1099 234
person 1057 128 1076 156
person 1044 113 1065 144
person 1073 89 1094 114
person 1072 143 1098 177
person 1091 141 1111 170
person 1092 127 1111 148
person 1129 163 1156 199
