person 69 247 120 305
person 260 161 280 180
person 305 145 322 166
person 316 144 334 171
person 324 167 346 191
person 346 120 361 139
person 371 120 386 143
person 394 145 416 170
person 387 127 404 148
person 388 120 403 136
person 407 110 426 128
person 435 96 452 114
person 437 122 456 148
person 467 88 480 107
person 479 79 490 94
person 482 90 496 112
person 463 109 478 129
person 469 121 485 142
person 458 142 479 170
person 495 106 512 128
person 499 93 515 113
person 502 82 515 98
person 517 75 528 89
person 534 93 552 110
person 528 104 545 125
person 547 74 562 90
person 565 75 580 93
person 594 62 609 79
person 633 53 647 70
person 656 57 665 73
person 662 56 675 78
person 679 54 693 70
person 661 74 677 94
person 604 87 621 110
person 622 71 635 89
person 627 65 639 80
person 587 88 603 107
person 617 84 632 103
person 553 116 574 139
person 531 121 553 150
person 516 153 545 185
person 564 168 593 206
person 598 131 618 160
person 641 136 665 166
person 666 99 688 129
person 640 178 669 212
person 696 136 721 166
person 691 127 710 146
person 719 60 733 79
person 743 52 756 71
person 703 90 721 113
person 734 96 751 117
person 736 76 753 96
person 750 77 762 96
person 780 70 795 86
person 775 84 790 106
person 789 100 807 122
person 734 119 759 148
person 797 123 818 153
person 716 179 746 217
person 764 173 790 204
person 830 158 855 196
person 854 126 875 156
person 800 95 818 117
person 793 79 807 95
person 797 60 812 75
person 816 71 830 90
person 832 64 845 84
person 849 70 862 89
person 869 69 883 84
person 847 93 865 117
person 865 89 881 111
person 885 75 900 94
person 897 100 915 126
person 905 87 921 108
person 918 81 934 99
person 920 66 934 85
person 955 68 966 87
person 954 88 967 105
person 946 94 960 116
person 936 110 953 130
person 929 125 947 148
person 980 154 1001 185
person 992 110 1008 133
person 976 99 992 121
person 987 85 999 104
