person 162 262 211 313
person 775 60 796 83
person 402 98 420 121
person 582 68 597 86
person 356 120 374 142
person 259 147 280 171
person 467 85 483 103
person 441 100 457 120
person 501 77 528 102
person 649 60 657 75
person 672 62 690 78
person 702 70 719 88
person 374 117 397 146
person 301 143 325 171
person 322 155 345 175
person 385 145 407 171
person 453 133 475 165
person 504 100 537 133
person 535 87 556 113
person 564 86 585 113
person 497 130 520 154
person 602 90 625 115
person 651 79 669 97
person 674 78 695 101
person 541 156 579 192
person 572 126 607 162
person 601 155 629 189
person 652 162 682 200
person 656 127 678 154
person 659 105 683 129
person 694 99 709 121
person 722 86 742 105
person 712 135 736 162
person 751 122 779 152
person 763 92 784 109
person 807 81 827 107
person 825 82 844 103
person 846 84 861 103
person 935 85 950 110
person 881 80 896 101
person 815 110 840 132
person 807 125 834 156
person 746 155 772 183
person 807 157 835 188
person 882 182 908 220
person 868 121 892 149
person 886 111 908 136
person 945 115 969 142
person 971 125 992 149
person 911 147 935 177
person 971 150 995 178
person 413 118 439 145
person 615 67 632 88
person 547 112 584 141
person 904 89 920 108
person 454 104 473 130
person 628 76 643 100
person 947 82 960 114
person 810 70 822 87
person 775 108 796 134
person 788 74 804 96
person 737 92 756 120
