person 91 192 125 233
person 296 111 315 131
person 304 94 322 113
person 326 95 343 112
person 398 82 411 98
person 391 99 407 116
person 415 70 425 81
person 425 85 439 101
person 421 102 438 120
person 435 65 453 86
person 444 92 463 110
person 450 111 472 134
person 464 61 477 73
person 474 56 486 68
person 481 74 502 92
person 504 87 525 103
person 505 71 520 88
person 519 76 539 96
person 515 58 529 71
person 548 53 562 65
person 544 64 559 79
person 555 77 570 93
person 568 61 583 80
person 572 46 582 57
person 605 45 615 57
person 592 67 607 82
person 626 46 636 56
person 621 54 633 65
person 618 64 633 79
person 640 58 650 70
person 665 57 677 71
person 600 93 618 114
person 717 55 729 70
person 726 61 739 75
person 742 63 755 77
person 490 129 511 156
person 540 120 561 141
person 518 141 542 169
person 803 71 815 88
person 838 66 848 80
person 830 71 842 88
person 866 78 878 95
person 893 82 905 98
person 825 82 836 100
person 856 86 870 105
person 901 99 913 118
person 878 114 899 138
person 873 136 893 163
person 861 160 882 191
person 585 134 612 167
person 592 121 610 141
person 675 73 690 90
person 663 82 678 99
person 644 78 659 97
person 629 94 648 119
person 632 121 649 147
person 688 102 707 126
person 717 69 731 87
person 708 80 722 97
person 731 87 746 107
person 750 77 763 95
person 785 79 798 98
person 840 103 857 130
person 810 90 826 111
person 786 101 801 120
person 770 90 783 112
person 751 100 766 126
person 769 116 789 138
person 817 125 838 155
person 800 145 822 175
person 788 170 814 205
person 749 135 774 168
person 702 181 731 221
person 651 145 677 178
person 452 76 466 91
person 498 64 513 75
