person 1062 179 1072 198
person 1082 191 1099 216
person 1079 219 1095 247
person 1099 223 1115 250
person 1135 195 1147 214
person 1133 211 1146 232
person 1117 220 1131 245
person 1133 247 1153 286
person 1097 314 1130 356
person 1038 250 1064 289
person 1049 237 1072 272
person 1018 312 1050 352
person 981 325 1009 370
person 979 244 1002 277
person 994 230 1014 263
person 1012 210 1030 238
person 1019 175 1034 196
person 1034 190 1048 215
person 1046 187 1060 212
person 994 191 1010 218
person 983 202 1002 229
person 920 159 932 180
person 924 180 937 200
person 936 191 951 219
person 948 170 960 190
person 967 170 982 190
person 844 155 857 172
person 848 177 864 200
person 858 204 878 232
person 889 171 902 193
person 894 182 908 203
person 807 192 825 218
person 819 158 831 178
person 802 153 814 170
person 824 217 845 244
person 826 248 849 283
person 857 279 889 325
person 772 157 786 176
person 771 174 789 196
person 739 144 750 161
person 729 159 741 177
person 727 174 740 191
person 696 152 708 169
person 676 158 687 175
person 703 181 717 204
person 690 195 708 220
person 720 228 743 259
person 764 211 784 237
person 659 170 676 190
person 636 173 651 197
person 611 185 630 209
person 555 172 568 192
person 609 217 627 246
person 533 183 550 206
person 540 232 561 264
person 487 210 501 230
person 520 173 533 191
person 486 237 512 268
person 459 232 478 258
person 420 207 438 230
person 398 244 423 278
person 305 248 326 279
person 350 248 373 277
person 337 216 356 239
person 265 238 284 262
person 561 219 582 244
person 651 240 675 278
person 557 282 584 323
person 622 299 660 338
person 698 301 733 347
person 701 266 730 302
person 928 293 958 336
person 834 365 874 418
person 762 319 795 366
person 792 248 819 289
person 563 167 575 183
person 621 193 641 218
person 412 237 433 260
person 140 355 187 410
