person 145 258 196 318
person 363 108 383 131
person 406 117 425 137
person 363 128 381 148
person 391 149 416 173
person 465 121 487 146
person 421 86 442 106
person 497 73 514 94
person 522 68 537 85
person 547 65 561 82
person 580 68 594 86
person 599 63 611 83
person 573 97 593 117
person 478 184 511 218
person 530 177 556 208
person 626 128 654 167
person 666 113 690 147
person 710 133 744 177
person 680 192 716 234
person 795 141 829 181
person 885 68 902 86
person 842 158 875 197
person 921 160 951 197
person 921 38 940 62
person 952 82 965 102
