person 201 182 249 238
person 260 154 284 173
person 306 143 322 162
person 329 138 354 163
person 348 157 378 187
person 343 117 355 131
person 363 117 377 135
person 370 91 388 107
person 401 109 419 131
person 425 91 441 108
person 436 147 460 172
person 435 121 454 142
person 473 93 490 107
person 487 111 499 127
person 492 81 506 96
person 489 135 517 159
person 543 79 560 97
person 549 115 570 136
person 597 96 614 113
person 633 24 644 37
person 666 36 682 54
person 705 60 721 80
person 723 46 738 65
person 508 154 543 198
person 554 176 579 211
person 597 126 620 152
person 638 109 662 135
person 634 140 659 168
person 638 174 667 213
person 702 198 734 226
person 695 115 716 138
person 718 112 738 134
person 697 87 719 107
person 748 68 761 88
person 756 83 774 103
person 784 74 800 95
person 783 50 802 72
person 785 105 804 127
person 803 125 822 153
person 784 148 808 183
person 824 160 844 196
person 810 64 824 82
person 829 60 842 77
person 836 97 854 117
person 844 71 856 88
person 858 67 870 83
person 875 67 893 87
person 891 104 911 126
person 912 74 930 97
person 947 68 960 89
person 981 48 993 71
person 932 101 949 121
person 946 85 959 110
person 914 123 931 149
person 981 101 1000 126
person 962 146 983 175
person 939 81 949 97
person 731 95 756 118
person 626 83 643 103
person 565 87 579 105
person 464 102 481 123
person 472 124 491 142
person 508 110 526 130
