person 12 288 48 325
person 284 228 303 254
person 310 251 332 279
person 351 204 369 232
person 407 232 432 266
person 435 196 453 222
person 481 179 498 203
person 475 226 491 249
person 494 226 515 253
person 522 170 541 194
person 539 231 559 256
person 547 182 562 199
person 559 164 572 181
person 572 163 585 176
person 573 207 590 228
person 607 216 634 243
person 622 181 639 200
person 658 167 682 188
person 553 275 587 311
person 648 239 673 275
person 657 270 690 306
person 678 194 701 215
person 682 155 697 174
person 698 152 719 176
person 736 150 750 169
person 743 138 762 162
person 712 179 727 202
person 726 217 751 249
person 741 245 768 278
person 720 291 753 335
person 772 301 812 341
person 785 247 814 285
person 769 209 792 232
person 779 171 795 189
person 775 153 801 178
person 805 142 820 160
person 819 153 835 174
person 809 165 828 184
person 825 182 843 207
person 852 151 868 174
person 859 174 881 196
person 834 237 860 266
person 848 326 890 369
person 885 272 916 304
person 898 168 922 193
person 882 197 907 217
person 938 190 958 210
person 922 156 940 182
person 948 163 962 182
person 960 172 979 194
person 999 177 1020 201
person 1024 172 1040 196
person 1064 169 1078 197
person 948 287 978 319
person 995 341 1038 406
person 1019 285 1056 321
person 985 243 1009 276
person 998 205 1016 227
person 1029 200 1051 227
person 1092 191 1111 213
person 1049 243 1070 279
person 1065 233 1088 268
person 1115 216 1131 242
person 1135 201 1153 225
person 1132 190 1151 209
person 1139 244 1164 279
person 1100 309 1137 354
person 1041 191 1060 209
person 1051 182 1065 202
person 493 201 518 231
person 728 170 746 194
person 766 146 781 164
