person 39 132 56 149
person 65 141 81 159
person 85 147 99 163
person 84 122 97 140
person 98 141 115 158
person 112 153 127 173
person 112 129 122 141
person 138 128 150 143
person 134 150 148 162
person 129 166 145 185
person 151 165 165 180
person 151 145 163 160
person 160 122 172 138
person 166 150 178 165
person 174 169 189 189
person 185 158 201 175
person 197 134 211 151
person 188 114 200 133
person 217 126 228 141
person 211 155 228 172
person 215 190 231 205
person 260 162 273 175
person 250 173 265 189
person 278 170 292 187
person 318 169 335 186
person 304 135 317 152
person 320 126 336 140
person 273 126 286 140
person 263 138 276 156
person 245 130 257 147
person 237 139 250 156
person 230 125 240 138
