person 36 103 77 142
person 10 102 33 139
person 8 290 47 352
person 104 170 129 198
person 123 166 143 188
person 160 188 194 222
person 186 181 211 211
person 199 167 220 186
person 223 187 247 207
person 229 173 247 191
person 204 199 232 230
person 199 231 230 266
person 232 243 280 292
person 297 180 316 202
person 311 185 331 208
person 316 199 336 225
person 346 211 373 243
person 342 188 362 218
person 291 326 363 406
person 602 276 673 348
person 506 249 550 301
person 474 243 512 277
person 400 219 435 255
person 445 166 460 181
person 464 163 477 177
person 471 159 481 174
person 486 165 501 181
person 532 170 544 181
person 537 162 551 177
person 560 161 571 177
person 579 163 590 175
person 593 168 602 180
person 625 124 643 145
