person 62 255 117 312
person 264 168 286 187
person 288 154 305 176
person 310 147 327 169
person 324 159 345 183
person 348 163 370 187
person 330 130 345 148
person 359 128 377 146
person 340 142 362 161
person 390 132 409 153
person 388 117 408 133
person 428 132 451 152
person 440 153 465 178
person 424 100 440 116
person 441 109 459 126
person 465 124 488 149
person 488 132 511 161
person 509 118 527 140
person 488 110 509 132
person 468 99 486 117
person 471 84 489 99
person 498 85 516 101
person 508 95 524 113
person 510 77 525 94
person 529 93 548 115
person 567 108 588 133
person 570 90 590 109
person 557 77 567 92
person 566 80 579 93
person 586 60 600 77
person 586 77 603 93
person 607 91 625 111
person 619 83 636 104
person 625 70 639 86
person 626 58 643 73
person 652 76 668 98
person 645 63 658 77
person 658 59 670 75
person 677 63 693 78
person 694 71 712 89
person 733 54 750 76
person 742 75 760 96
person 721 84 739 109
person 684 98 705 126
person 506 166 533 197
person 577 168 605 199
person 581 139 611 164
person 638 145 661 170
person 637 119 657 145
person 629 192 658 225
person 699 184 734 227
person 693 142 720 173
person 736 119 758 149
person 700 116 722 142
person 789 132 815 161
person 748 162 778 192
person 819 156 848 194
person 788 104 809 130
person 769 89 788 112
person 763 65 783 89
person 789 78 806 99
person 801 91 820 113
person 792 61 809 77
person 806 71 822 91
person 815 70 829 88
person 837 73 857 94
person 858 70 871 89
person 878 75 898 97
person 869 89 888 113
person 843 97 868 122
person 896 102 915 126
person 900 84 917 105
person 911 84 929 103
person 921 74 935 89
person 945 74 962 91
person 941 93 956 111
person 930 103 950 129
person 919 124 940 149
person 974 110 998 133
person 981 88 997 108
person 974 160 1002 196
