person 88 159 137 205
person 108 145 143 181
person 96 130 118 152
person 122 134 143 154
person 111 121 126 135
person 90 118 103 132
person 80 127 92 139
person 73 118 86 133
person 37 125 60 153
person 152 120 165 135
person 166 127 180 146
person 178 127 194 145
person 246 102 257 120
person 275 121 288 134
person 306 125 319 139
person 307 138 323 160
person 321 134 339 152
person 339 127 351 144
person 355 141 374 160
person 364 128 376 140
person 355 125 364 138
person 394 105 413 120
person 394 146 415 167
person 415 140 444 168
person 376 157 408 194
person 476 159 532 215
person 523 148 560 182
