person 650 274 688 310
person 768 298 811 352
person 744 141 762 165
person 802 140 820 161
person 847 150 867 170
person 728 150 747 168
person 696 150 717 180
person 677 153 696 176
person 776 147 796 173
person 761 146 779 170
person 567 158 588 180
person 522 171 543 192
person 476 179 501 207
person 425 203 453 228
person 656 165 676 191
person 614 176 638 204
person 349 203 371 229
person 276 231 299 256
person 7 285 43 324
person 307 253 335 282
person 344 253 370 283
person 403 234 432 267
person 441 234 467 261
person 468 221 489 249
person 538 180 562 209
person 523 251 551 285
person 484 226 515 257
person 567 204 591 230
person 604 216 635 245
person 550 276 592 311
person 642 234 679 271
person 682 194 701 220
person 708 181 719 202
person 753 180 779 203
person 720 173 749 198
person 819 179 843 212
person 860 173 876 192
person 721 224 746 251
person 772 212 795 237
person 898 164 920 192
person 914 155 938 183
person 943 162 959 183
person 962 162 976 189
person 1023 172 1038 196
person 1056 167 1076 189
person 988 179 1008 206
person 1085 192 1107 227
person 880 195 902 215
person 1131 189 1152 213
person 1119 203 1144 228
person 992 206 1012 229
person 937 197 959 214
person 912 189 935 208
person 716 297 752 347
person 741 242 760 279
person 786 243 820 289
person 832 237 859 271
person 883 272 920 313
person 843 318 881 370
person 946 286 979 322
person 982 240 1011 286
person 986 350 1029 400
person 1014 316 1062 356
person 1031 228 1058 253
person 1056 224 1092 267
person 1038 249 1074 289
person 1101 310 1132 350
person 1138 243 1163 277
person 492 205 512 229
person 563 182 592 206
person 630 186 652 216
person 631 173 648 189
person 770 168 789 191
person 817 153 834 176
person 1037 190 1058 221
person 1070 209 1088 238
person 1111 220 1134 252
