person 130 351 178 403
person 259 232 276 253
person 289 243 310 272
person 333 208 350 228
person 324 265 345 286
person 386 241 412 270
person 412 225 430 247
person 410 206 428 223
person 456 180 473 198
person 484 188 499 203
person 476 228 499 251
person 441 239 462 261
person 474 207 490 226
person 501 179 515 195
person 522 182 537 199
person 523 236 545 256
person 555 212 575 231
person 556 182 575 200
person 546 171 564 187
person 554 165 570 179
person 604 180 621 200
person 619 187 635 208
person 653 190 672 210
person 642 179 658 196
person 658 158 674 175
person 676 153 691 169
person 685 180 700 198
person 712 173 729 191
person 716 157 731 173
person 722 144 738 161
person 755 171 772 189
person 759 154 775 169
person 800 146 814 161
person 805 162 818 177
person 815 155 830 173
person 743 154 757 165
person 585 227 608 250
person 560 276 590 308
person 627 289 659 325
person 636 244 661 273
person 685 305 720 349
person 746 310 783 354
person 820 361 863 407
person 969 347 1009 398
person 1098 315 1133 355
person 1084 302 1107 326
person 992 317 1032 357
person 929 282 962 315
person 966 243 992 274
person 1013 269 1042 305
person 1112 275 1134 302
person 1098 222 1115 243
person 1114 213 1131 232
person 1124 199 1140 215
person 1071 196 1090 219
person 1039 230 1059 254
person 1066 224 1082 242
person 1010 222 1029 244
person 1021 187 1039 210
person 1054 176 1068 193
person 1013 180 1028 193
person 978 209 997 229
person 981 185 999 204
person 967 169 984 187
person 926 191 944 215
person 937 181 954 200
person 932 163 947 183
person 879 168 896 191
person 889 164 905 183
person 840 171 858 194
person 834 203 855 226
person 796 189 814 212
person 804 212 826 238
person 818 240 844 272
person 855 270 880 303
person 773 245 801 273
person 723 256 746 278
person 753 208 770 229
person 710 226 733 248
