person 11 262 43 296
person 272 213 294 240
person 300 232 327 266
person 337 196 358 220
person 349 228 375 258
person 393 223 420 254
person 428 208 451 234
person 424 185 443 208
person 462 212 481 238
person 487 212 513 240
person 488 187 510 212
person 465 165 482 187
person 487 166 505 186
person 521 194 542 217
person 533 166 553 186
person 516 147 533 168
person 568 190 587 210
person 568 165 586 187
person 566 146 581 166
person 599 161 617 187
person 625 170 646 194
person 630 153 647 172
person 656 152 674 175
person 600 198 624 226
person 531 214 559 248
person 550 261 587 298
person 636 221 669 256
person 666 179 685 204
person 700 163 719 189
person 691 154 706 171
person 674 137 690 158
person 695 135 710 154
person 721 153 737 174
person 726 135 740 155
person 735 127 751 144
person 756 130 771 151
person 773 138 790 159
person 774 149 791 173
person 794 125 811 146
person 815 139 831 160
person 845 135 861 155
person 845 151 863 175
person 812 162 832 185
person 764 186 785 217
person 825 199 853 231
person 715 205 746 244
person 708 244 744 286
person 707 283 747 332
person 645 253 684 298
person 772 215 800 251
person 786 232 817 267
person 759 298 802 340
person 845 292 889 345
person 860 258 899 297
person 827 225 855 256
person 920 268 959 315
person 874 178 895 203
person 898 159 918 187
person 896 148 914 168
person 920 138 939 162
person 917 162 935 183
person 931 170 955 202
person 942 149 959 172
person 955 153 972 175
person 988 162 1009 188
person 985 193 1008 217
person 976 227 1006 261
person 1007 211 1032 238
person 1013 197 1032 220
person 1040 231 1068 268
person 1015 278 1050 319
person 998 327 1039 379
person 1091 296 1129 343
person 1076 218 1096 249
person 1072 195 1094 222
person 1032 175 1050 201
person 1019 158 1033 176
person 1037 166 1054 186
person 1056 149 1073 173
person 1080 175 1101 201
person 1098 199 1122 229
person 1118 218 1144 257
person 1127 195 1146 216
person 1133 176 1149 192
