person 170 239 214 286
person 278 117 298 137
person 328 112 346 132
person 344 128 363 152
person 424 128 451 154
person 365 146 389 169
person 319 103 335 120
person 340 98 356 118
person 375 96 391 116
person 384 101 402 124
person 436 106 456 132
person 412 76 430 92
person 429 83 445 105
person 441 77 456 96
person 462 84 481 105
person 465 106 489 132
person 505 110 528 135
person 504 90 525 111
person 470 69 483 84
person 485 71 497 92
person 489 62 505 77
person 501 69 519 90
person 530 80 547 98
person 546 97 571 119
person 579 90 598 108
person 576 74 591 91
person 569 75 580 91
person 557 71 568 83
person 556 82 572 99
person 542 66 557 82
person 518 63 535 80
person 575 56 589 74
person 589 58 599 74
person 596 73 612 90
person 616 76 633 96
person 611 60 628 76
person 634 57 648 73
person 651 66 665 84
person 655 48 671 64
person 671 57 684 74
person 685 59 697 75
person 695 49 708 63
person 712 47 728 66
person 511 134 543 173
person 536 144 563 179
person 566 118 595 146
person 586 174 620 210
person 616 137 645 165
person 632 107 652 132
person 673 140 701 175
person 690 157 721 196
person 681 85 704 109
person 702 93 725 119
person 728 114 748 143
person 745 102 763 127
person 756 92 774 111
person 725 69 743 91
person 754 69 770 88
person 766 78 784 100
person 764 64 778 78
person 786 64 804 84
person 812 76 830 96
person 766 121 792 151
person 787 126 815 156
person 796 112 818 136
person 704 149 731 176
person 769 203 804 246
person 815 212 850 252
person 890 215 925 261
person 908 181 936 218
person 926 157 952 190
person 926 118 948 145
person 885 122 904 146
person 860 144 885 173
person 834 166 866 202
person 787 160 815 195
