person 72 311 114 358
person 354 179 376 203
person 399 189 416 210
person 384 153 400 170
person 424 158 442 179
person 419 147 435 165
person 447 172 466 194
person 481 178 501 203
person 464 156 482 179
person 488 151 508 171
person 510 171 533 203
person 519 134 537 149
person 520 123 541 139
person 553 129 570 145
person 560 144 583 168
person 614 154 636 177
person 594 131 615 153
person 623 120 643 140
person 658 116 675 139
person 699 122 718 146
person 717 103 733 122
person 687 95 703 113
person 699 80 713 95
person 669 89 683 105
person 628 99 646 119
person 619 90 636 107
person 577 96 596 119
person 559 115 573 129
person 552 102 568 119
person 730 86 747 102
person 773 96 789 112
person 722 73 736 87
person 733 68 747 86
person 745 69 759 83
person 756 73 768 90
person 787 83 800 101
person 808 89 828 111
person 799 66 819 87
person 821 71 833 92
person 854 69 873 89
person 651 192 680 227
person 689 166 714 195
person 734 217 766 256
person 775 162 796 187
person 761 143 781 168
person 804 150 826 176
person 820 174 849 210
person 826 136 849 161
person 876 147 905 175
person 916 168 941 197
person 950 202 978 244
person 991 268 1037 319
person 1101 235 1129 274
person 1128 219 1153 250
person 1029 209 1057 246
person 1010 167 1032 191
person 1048 168 1076 199
person 1086 143 1103 167
person 1139 152 1163 183
person 1106 125 1124 148
person 1128 104 1143 119
person 1137 92 1151 108
person 1157 105 1173 124
person 1168 101 1183 125
person 1157 136 1173 155
person 1059 111 1075 131
person 1082 114 1101 134
person 1073 96 1091 117
person 1086 91 1101 111
person 1000 117 1016 133
person 1013 99 1028 119
person 1022 87 1036 107
person 1044 81 1060 100
person 959 138 983 162
person 971 105 989 134
person 1001 79 1016 97
person 974 73 988 91
person 909 121 924 138
person 892 111 906 129
person 893 89 909 106
person 913 87 931 108
person 931 103 952 128
