hat 705 794 731 830
hat 704 724 729 758
hat 644 787 671 819
hat 646 716 670 748
hat 627 708 650 736
hat 597 713 621 746
hat 587 775 612 808
hat 427 778 449 809
hat 481 789 504 823
hat 534 770 561 805
hat 553 716 579 748
hat 365 767 386 797
hat 318 785 342 812
hat 449 709 469 736
hat 459 684 481 712
hat 505 683 526 712
hat 512 714 533 742
hat 475 714 495 745
hat 45 765 72 801
hat 108 755 135 789
hat 159 765 186 798
hat 202 765 227 798
hat 246 763 268 796
hat 252 712 276 743
hat 232 686 254 716
hat 166 706 188 736
hat 187 693 206 724
hat 212 682 232 710
hat 204 663 222 690
hat 289 702 310 735
hat 307 694 325 722
hat 324 710 344 741
hat 341 690 362 719
hat 366 697 386 727
hat 407 701 430 731
hat 402 667 422 692
hat 326 676 344 700
hat 5 693 28 722
hat 10 675 32 695
hat 52 677 75 709
hat 77 672 99 702
hat 106 680 127 710
hat 129 668 149 694
hat 157 671 177 700
hat 540 704 563 735
person 689 711 709 738
