person 195 263 241 317
person 200 135 222 162
person 285 121 312 152
person 301 120 331 156
person 371 103 403 137
person 350 136 371 161
person 398 111 415 132
person 454 98 486 135
person 484 102 497 119
person 474 115 489 136
person 511 82 527 100
person 528 94 558 126
person 535 84 551 102
person 557 85 571 100
person 569 79 585 100
person 589 73 604 92
person 553 136 572 155
person 548 99 565 122
person 620 77 638 96
person 658 74 677 93
person 685 80 704 101
person 719 75 735 94
person 638 108 658 131
person 591 99 612 116
person 582 159 607 195
person 640 153 662 177
person 658 166 690 200
person 712 179 741 210
person 721 114 746 144
person 758 108 779 130
person 757 127 781 153
person 810 117 831 142
person 823 140 846 169
person 851 96 870 121
person 903 115 924 146
person 921 82 939 108
person 954 98 971 119
person 1001 100 1019 124
person 979 127 997 155
person 1023 131 1042 163
person 1073 141 1094 171
person 1076 174 1098 205
person 1052 210 1082 245
person 1002 178 1025 202
person 979 188 1004 224
person 917 170 945 209
person 933 153 957 181
person 1028 291 1062 340
person 771 189 805 236
person 770 166 792 191
person 729 167 757 195
