person 47 119 63 140
person 136 109 158 130
person 182 77 197 97
person 188 94 204 113
person 216 103 235 124
person 203 139 226 166
person 54 217 78 257
person 78 260 106 297
person 144 323 181 365
person 239 259 268 292
person 245 180 271 212
person 286 153 310 183
person 249 60 267 79
person 304 62 322 80
person 356 75 373 98
person 347 100 365 125
person 369 119 388 143
person 428 115 448 140
person 438 39 452 57
person 473 46 489 63
person 458 89 476 111
person 522 35 536 54
person 513 92 530 110
person 565 68 582 87
person 583 63 603 81
person 566 88 582 105
person 576 111 595 136
person 618 88 634 110
person 676 80 695 103
person 617 50 630 64
person 587 36 602 51
person 660 36 674 53
person 551 143 574 172
person 666 155 688 187
person 643 244 670 286
person 697 102 715 125
person 747 124 764 148
person 833 182 855 210
person 857 140 878 163
person 700 48 715 64
person 716 61 730 80
person 759 57 774 74
person 799 79 816 96
person 864 107 880 128
person 890 117 911 136
person 949 109 966 128
person 995 119 1013 140
person 1047 145 1066 168
person 1066 159 1085 182
person 1134 195 1154 224
person 956 196 983 224
