person 116 333 169 391
person 247 218 266 241
person 279 228 304 259
person 308 240 335 273
person 311 203 332 225
person 374 226 402 256
person 400 214 419 238
person 397 190 417 213
person 462 211 487 241
person 442 164 463 188
person 469 173 487 193
person 490 167 506 184
person 508 168 526 193
person 508 213 534 248
person 460 194 484 214
person 535 202 558 227
person 535 171 554 190
person 538 150 558 173
person 587 169 604 186
person 575 211 602 241
person 607 174 626 199
person 634 160 651 185
person 616 159 634 184
person 638 177 662 202
person 602 157 619 178
person 649 139 665 159
person 662 137 681 158
person 703 131 719 151
person 708 141 721 161
person 732 138 748 156
person 747 141 763 161
person 740 160 758 178
person 701 161 719 179
person 673 165 691 187
person 666 154 681 175
person 699 203 725 240
person 789 131 806 151
person 803 137 820 160
person 792 148 809 169
person 784 173 804 198
person 737 190 761 217
person 792 196 815 227
person 822 190 845 219
person 829 157 847 180
person 867 157 884 184
person 873 149 893 172
person 920 148 938 169
person 913 167 930 185
person 923 164 941 192
person 908 181 930 206
person 956 188 977 215
person 954 156 973 178
person 967 173 986 199
person 1000 164 1013 185
person 1011 168 1025 190
person 1015 174 1034 199
person 1041 160 1056 187
person 1062 193 1077 213
person 1111 182 1130 202
person 1106 198 1120 219
person 1097 219 1121 246
person 1050 207 1069 230
person 996 209 1013 236
person 1026 214 1047 244
person 1100 260 1124 292
person 1068 287 1097 327
person 1002 260 1027 297
person 954 227 978 263
person 965 211 984 240
person 985 301 1013 342
person 894 274 929 317
person 840 255 870 290
person 808 229 834 264
person 754 218 779 250
person 764 229 794 263
person 706 236 739 273
person 620 225 647 262
person 546 256 576 299
person 590 282 630 324
person 675 287 710 332
person 728 297 772 342
person 810 343 853 401
person 939 376 981 428
