person 460 184 495 218
person 335 235 356 259
person 301 246 322 269
person 264 251 289 277
person 219 250 249 274
person 228 233 251 255
person 248 231 265 253
person 277 235 295 254
person 304 231 324 247
person 328 228 342 246
person 349 226 363 241
person 310 216 323 230
person 301 202 313 216
person 281 217 296 234
person 253 218 268 233
person 254 202 267 216
person 269 199 278 214
person 229 219 245 235
person 199 221 216 239
person 164 231 188 253
person 117 229 144 259
person 66 223 89 247
person 39 236 69 269
person 3 217 24 244
person 10 192 31 212
person 47 200 66 222
person 84 203 106 222
person 119 217 140 238
person 157 217 175 236
person 184 204 199 222
person 210 205 224 221
person 226 197 236 211
person 232 192 243 205
person 240 199 250 212
person 216 190 226 203
person 203 198 212 208
person 174 195 186 209
person 174 186 183 196
person 169 183 178 193
person 162 176 170 186
person 184 183 195 195
person 193 187 203 197
person 150 195 163 209
person 145 188 156 199
person 144 177 156 188
person 118 203 138 218
person 117 196 130 210
person 120 189 131 199
person 123 178 134 189
person 129 165 141 178
person 108 156 117 165
person 84 189 100 204
person 95 178 105 190
person 103 175 111 185
person 105 163 110 171
person 99 155 106 163
person 89 159 98 168
person 81 167 90 176
person 75 171 86 183
person 64 176 75 189
person 57 186 69 199
person 38 191 54 208
person 19 183 32 196
person 34 176 45 189
person 40 169 50 181
person 54 164 64 175
person 64 157 73 168
person 72 152 81 161
person 50 151 61 160
person 36 155 44 166
person 24 166 38 177
person 1 174 11 189
person 1 199 10 222
person 1 157 10 170
person 9 152 20 165
person 22 145 32 157
person 1 144 10 155
