person 157 143 190 184
person 282 99 297 118
person 335 86 354 109
person 341 76 357 96
person 372 97 390 122
person 358 125 381 152
person 350 95 370 117
person 380 71 395 88
person 397 73 413 92
person 403 81 419 100
person 402 94 420 118
person 412 109 432 134
person 424 59 436 74
person 436 62 449 77
person 421 80 440 102
person 448 94 467 113
person 462 77 481 94
person 470 90 492 110
person 489 80 504 95
person 493 61 505 74
person 497 62 509 76
person 503 64 518 84
person 521 78 540 96
person 527 68 544 82
person 519 52 532 67
person 565 58 574 69
person 566 49 576 60
person 614 53 626 69
person 633 58 644 74
person 526 120 546 148
person 540 115 564 145
person 569 102 589 126
person 603 91 623 111
person 640 83 655 102
person 655 87 668 104
person 644 73 660 91
person 652 69 664 85
person 670 69 683 84
person 686 74 700 92
person 705 63 719 81
person 714 74 727 90
person 710 84 726 102
person 711 98 727 121
person 677 91 694 112
person 673 118 693 145
person 648 134 676 163
person 573 195 604 225
person 742 143 767 176
person 755 124 774 150
person 750 104 768 125
person 736 48 758 75
person 778 41 795 65
person 802 96 821 118
person 790 110 810 135
person 781 131 802 161
person 811 153 834 187
person 837 111 854 130
person 859 65 876 88
person 831 50 846 68
person 870 57 885 74
person 882 66 895 85
