person 86 241 145 311
person 279 129 299 152
person 341 139 363 165
person 340 113 362 140
person 390 106 409 128
person 410 112 428 134
person 410 96 422 114
person 426 96 441 115
person 437 120 459 144
person 422 137 446 161
person 432 154 455 182
person 512 124 532 151
person 464 115 484 141
person 465 96 481 116
person 456 85 471 101
person 502 92 517 113
person 495 112 515 135
person 528 114 548 138
person 547 97 564 117
person 537 83 551 97
person 515 85 529 101
person 503 79 514 93
person 569 80 585 97
person 574 115 597 142
person 614 91 632 112
person 607 69 621 88
person 620 63 634 82
person 632 73 649 93
person 644 62 661 80
person 658 72 675 92
person 673 82 690 101
person 671 67 684 83
person 691 68 704 82
person 692 80 709 97
person 698 61 715 77
person 722 62 736 76
person 729 69 742 83
person 756 68 768 83
person 604 150 634 186
person 592 140 619 170
person 659 115 678 139
person 659 138 686 166
person 723 143 749 175
person 704 117 727 144
person 692 107 714 128
person 749 105 766 125
person 749 94 766 113
person 777 80 793 102
person 759 137 780 167
person 781 145 802 179
person 803 141 827 171
person 786 118 808 140
person 799 101 813 120
person 806 77 824 104
person 829 77 845 101
person 846 87 861 107
person 861 88 874 107
person 874 81 886 97
person 845 120 865 145
person 839 159 867 195
person 905 198 933 231
person 962 217 996 255
person 930 141 960 175
person 892 134 911 158
person 893 116 911 134
person 882 101 896 118
person 902 84 917 102
person 911 108 928 129
person 922 94 938 116
person 945 91 960 111
person 970 89 984 109
person 948 118 966 139
person 979 123 1001 149
person 986 144 1005 167
person 981 165 1002 196
person 1003 122 1021 142
person 998 98 1013 116
person 993 111 1006 128
