person 156 363 203 416
person 277 231 295 256
person 311 243 333 274
person 346 215 366 237
person 350 244 374 275
person 384 264 414 292
person 424 207 445 222
person 424 225 443 248
person 473 180 490 199
person 462 238 481 265
person 499 226 520 253
person 493 205 507 224
person 512 190 536 213
person 519 179 534 195
person 559 168 583 186
person 571 164 582 183
person 561 214 581 235
person 542 241 566 267
person 612 185 631 209
person 632 185 652 209
person 669 166 686 186
person 692 148 706 167
person 674 192 688 219
person 610 227 634 249
person 707 176 726 200
person 745 141 759 158
person 735 155 756 179
person 732 173 748 193
person 763 146 780 167
person 778 154 795 174
person 806 146 823 170
person 824 146 842 175
person 848 152 863 171
person 861 170 879 195
person 812 191 837 213
person 767 208 793 233
person 722 229 752 256
person 642 259 667 287
person 563 279 591 310
person 640 295 669 331
person 778 240 802 270
person 709 298 744 346
person 762 318 804 363
person 800 247 833 276
person 827 213 857 247
person 865 202 886 229
person 893 168 910 192
person 913 159 933 176
person 909 171 933 200
person 826 250 859 281
person 865 270 905 309
person 840 359 883 408
person 951 164 975 188
person 923 201 950 226
person 941 186 969 215
person 986 166 1003 186
person 987 183 1017 210
person 1034 174 1048 195
person 998 206 1021 229
person 987 238 1011 274
person 1037 241 1064 276
person 1068 178 1085 201
person 1040 186 1065 217
person 1089 189 1106 215
person 1132 205 1160 238
person 1141 194 1158 211
person 1093 237 1114 263
person 1105 234 1129 265
person 1104 322 1139 365
person 938 294 964 330
person 977 343 1020 391
person 1024 315 1056 351
person 1069 217 1099 252
person 1055 225 1075 258
person 1027 219 1053 255
person 556 187 575 207
person 1127 247 1158 277
person 706 278 742 311
person 700 149 714 162
person 996 230 1020 261
