person 104 33 195 172
person 251 138 280 175
person 300 145 327 176
person 289 118 310 147
person 334 122 358 148
person 323 101 346 123
person 356 149 384 180
person 361 111 383 135
person 381 99 401 118
person 380 125 400 148
person 415 151 443 181
person 431 129 453 155
person 410 109 429 132
person 431 99 446 123
person 455 107 477 132
person 480 149 513 185
person 490 126 516 156
person 501 109 519 129
person 552 103 570 122
person 553 126 576 152
person 562 114 577 133
person 552 154 582 190
