person 157 148 209 207
person 124 144 151 172
person 87 153 127 198
person 67 137 92 165
person 56 128 73 149
person 28 138 63 171
person 1 129 22 162
person 34 101 50 120
person 50 99 66 116
person 113 126 131 147
person 119 116 132 129
person 136 133 159 163
person 151 124 174 147
person 176 121 190 138
person 194 131 216 154
person 197 120 216 139
person 209 119 220 133
person 235 126 254 148
person 243 119 254 134
person 263 150 312 201
person 255 137 287 168
person 278 122 297 141
person 299 124 327 159
person 326 140 360 180
person 351 123 377 150
person 385 137 420 176
person 393 124 419 148
person 372 120 384 134
person 320 127 336 148
person 321 120 331 133
person 418 121 429 135
person 430 121 444 134
person 438 128 461 154
person 459 126 473 147
person 470 128 491 152
person 492 125 510 147
person 505 131 536 165
person 534 125 562 157
person 553 118 568 139
person 587 120 600 139
person 569 122 582 137
person 514 117 527 135
