person 37 211 87 264
person 14 197 45 230
person 1 174 28 207
person 97 246 159 312
person 225 248 282 305
person 148 211 191 259
person 113 201 148 241
person 82 178 120 215
person 184 187 212 215
person 199 205 240 236
person 249 220 291 260
person 238 190 266 223
person 285 208 316 242
person 333 245 382 291
person 425 249 472 295
person 351 224 381 259
person 315 193 337 225
person 352 203 379 231
person 369 215 393 240
person 412 215 439 244
person 410 197 438 224
person 433 219 472 256
person 465 214 487 239
person 470 203 487 228
person 494 224 520 256
person 517 245 558 287
person 522 221 544 250
person 515 202 537 230
person 557 194 586 225
person 561 218 595 254
person 591 240 634 295
person 644 254 678 300
person 659 235 685 272
person 627 218 660 257
person 604 217 630 247
