person 21 229 35 249
person 8 230 24 247
person 45 237 64 259
person 60 228 80 243
person 88 235 104 254
person 128 184 169 232
person 184 231 200 249
person 202 230 219 250
person 225 246 246 267
person 221 210 234 222
person 261 239 281 266
person 287 239 305 258
person 289 252 326 297
person 312 250 333 274
person 376 252 403 288
person 343 240 359 259
person 335 195 346 210
person 327 189 338 202
person 408 238 420 252
person 449 212 463 228
person 473 246 493 267
person 437 250 463 280
person 430 239 445 255
person 422 235 430 249
person 498 251 530 280
person 495 237 506 249
person 516 239 527 251
person 521 235 531 246
person 539 238 555 258
