person 55 171 76 200
person 276 119 295 142
person 300 121 317 143
person 333 107 350 128
person 341 100 356 118
person 330 129 348 152
person 342 132 364 152
person 359 108 372 127
person 392 96 411 121
person 368 132 390 151
person 396 136 419 165
person 405 105 430 129
person 411 92 429 112
person 419 80 437 98
person 435 88 458 109
person 432 115 451 140
person 466 126 488 149
person 461 93 479 111
person 458 66 477 88
person 469 81 490 102
person 478 72 498 92
person 493 62 512 82
person 504 71 518 92
person 517 67 531 84
person 504 96 525 116
person 542 76 559 88
person 545 96 562 118
person 544 82 557 94
person 559 65 576 85
person 575 59 592 78
person 504 148 537 180
person 568 87 588 106
person 595 62 611 85
person 605 80 626 105
person 618 56 637 74
person 632 54 649 69
person 642 62 664 85
person 668 54 685 68
person 668 64 689 82
person 529 149 566 185
person 576 118 596 149
person 610 115 641 149
person 593 175 624 208
person 647 96 667 122
person 689 80 705 104
person 705 63 717 78
person 693 100 716 127
person 662 139 684 178
person 646 189 681 234
person 742 68 758 88
person 736 88 757 107
person 719 120 746 141
person 713 162 731 186
person 768 68 790 88
person 796 83 810 104
person 751 102 770 134
person 781 114 802 141
person 769 132 790 160
person 749 155 777 187
person 725 192 760 229
person 805 212 843 252
person 818 169 849 204
person 809 134 827 156
person 857 140 876 166
person 870 127 893 159
person 906 127 935 156
person 895 178 919 213
person 910 159 923 179
person 867 223 897 267
person 751 79 766 100
