person 949 84 961 100
person 908 79 924 99
person 899 96 914 120
person 913 121 932 152
person 945 103 961 127
person 982 126 998 155
person 989 139 1008 174
person 888 166 912 204
person 879 110 898 138
person 813 156 839 188
person 808 118 828 148
person 813 105 833 134
person 842 75 855 95
person 855 86 870 106
person 860 66 872 83
person 881 82 896 99
person 822 69 834 87
person 802 91 816 109
person 779 106 797 127
person 769 85 785 104
person 780 58 792 75
person 763 68 778 89
person 754 93 770 118
person 745 114 765 141
person 746 147 773 183
person 704 139 728 167
person 705 107 725 131
person 695 89 711 113
person 729 75 747 97
person 724 60 739 78
person 685 62 698 80
person 672 70 686 89
person 653 62 666 82
person 657 74 670 93
person 667 103 685 135
person 671 159 699 194
person 646 133 666 167
person 584 131 606 162
person 597 150 621 184
person 598 64 611 80
person 629 64 640 81
person 590 79 602 98
person 601 88 617 110
person 612 80 631 102
person 572 97 590 123
person 538 91 552 109
person 526 81 539 99
person 492 75 503 91
person 469 95 484 112
person 519 103 537 125
person 496 122 517 151
person 460 125 483 155
person 481 108 493 128
person 431 103 446 121
person 424 116 438 137
person 404 104 418 121
person 373 121 391 143
person 350 122 364 140
person 333 129 348 147
person 295 132 310 154
person 304 146 325 172
person 363 137 381 161
person 384 137 407 163
person 408 155 430 182
person 506 162 532 195
person 508 100 523 125
person 169 274 228 343
