person 163 282 188 309
person 165 302 186 328
person 179 312 204 341
person 201 310 240 348
person 235 342 287 395
person 281 373 349 453
person 308 315 348 357
person 261 303 293 336
person 243 307 267 336
person 223 291 245 318
person 382 348 428 400
person 450 335 507 394
person 378 282 406 314
person 366 281 386 307
person 341 288 364 312
person 407 282 424 303
person 438 285 459 310
person 448 288 475 321
person 497 293 528 331
person 492 276 513 301
person 525 271 546 291
person 547 282 574 311
person 575 276 592 300
person 587 270 603 292
person 601 273 628 301
person 617 281 644 309
person 630 269 655 296
person 560 326 614 383
person 696 322 769 395
person 681 297 710 331
person 695 276 724 310
person 724 281 773 334
person 722 260 742 279
person 752 259 775 277
person 775 251 792 274
person 778 278 800 310
person 546 218 563 232
