person 278 142 295 163
person 289 138 306 159
person 299 147 323 174
person 349 147 372 175
person 388 123 418 157
person 409 116 430 139
person 396 97 412 117
person 422 102 439 123
person 448 94 466 116
person 435 88 451 108
person 460 124 485 149
person 489 118 516 146
person 475 96 492 118
person 491 92 509 115
person 505 94 524 120
person 524 101 543 126
person 556 102 578 127
person 573 94 592 117
person 600 94 619 114
person 557 70 572 87
person 541 81 560 100
person 529 66 545 83
person 496 191 532 223
person 587 61 603 79
person 599 68 613 88
person 615 69 634 90
person 632 51 644 64
person 647 75 666 94
person 656 53 669 68
person 670 54 683 69
person 682 68 698 86
person 708 51 722 69
person 737 47 756 68
person 608 127 638 158
person 591 159 623 195
person 636 181 673 220
person 658 129 685 158
person 650 105 671 133
person 690 115 715 144
person 687 88 709 117
person 714 81 733 107
person 740 90 763 117
person 770 107 792 132
person 799 69 814 91
person 792 61 806 78
person 815 67 832 88
person 826 78 845 103
person 793 116 818 143
person 751 131 779 169
person 709 159 752 202
person 774 163 817 216
person 802 142 836 184
person 830 108 857 139
person 854 123 882 159
person 879 110 903 139
person 855 75 870 96
person 879 75 897 94
person 886 63 898 81
person 902 86 919 110
person 910 80 923 97
person 921 62 936 83
person 965 72 981 91
person 986 80 998 96
person 947 88 967 108
person 937 108 955 131
person 911 132 935 165
person 882 161 907 203
person 845 199 888 247
person 940 201 978 252
person 967 137 994 170
person 975 122 995 147
person 986 110 1007 132
person 946 193 976 221
