person 9 189 29 212
person 41 193 61 212
person 66 196 85 219
person 92 196 110 217
person 114 198 132 220
person 137 199 154 217
person 153 184 168 204
person 163 190 181 211
person 182 188 199 211
person 195 198 213 218
person 216 190 233 212
person 228 190 245 211
person 249 183 267 204
person 254 202 277 227
person 270 192 284 212
person 280 202 301 226
person 285 182 301 201
person 307 189 323 209
person 313 200 331 220
person 328 185 345 206
person 342 188 362 212
person 363 190 381 216
person 370 196 390 220
person 395 198 415 218
person 415 191 431 214
person 433 193 450 217
person 458 191 478 216
person 489 198 510 222
person 516 189 539 214
