person 218 288 263 345
person 304 329 378 405
person 292 293 343 343
person 390 275 425 318
person 393 304 450 362
person 468 287 507 337
person 502 271 534 311
person 492 356 569 439
person 553 301 595 352
person 566 268 605 311
person 606 324 680 407
person 658 300 709 357
person 741 291 779 332
person 751 309 796 364
person 726 264 758 297
person 804 263 829 298
person 814 282 853 319
person 839 313 888 370
person 862 356 935 443
person 779 376 872 484
person 861 297 902 335
person 865 271 897 305
person 904 270 933 300
person 916 286 949 326
person 945 278 974 319
person 982 269 1013 299
person 1049 280 1079 314
person 997 335 1051 398
person 963 338 1003 382
person 1039 429 1133 528
person 1090 376 1176 466
person 1083 309 1132 369
person 1113 298 1161 345
person 1153 284 1188 318
person 1173 334 1222 398
person 1220 315 1261 369
person 1079 279 1103 314
