person 23 274 56 309
person 280 224 303 253
person 307 234 336 269
person 346 244 372 275
person 342 205 369 235
person 403 238 433 275
person 458 235 480 259
person 450 219 472 239
person 431 200 450 220
person 472 173 488 194
person 488 188 505 207
person 495 200 515 222
person 490 229 519 257
person 546 227 575 256
person 534 204 556 230
person 520 190 539 213
person 516 176 532 192
person 558 165 574 185
person 571 158 586 177
person 571 206 591 226
person 572 183 593 204
person 606 175 627 201
person 623 185 643 213
person 628 164 644 188
person 650 173 669 196
person 681 191 702 217
person 688 180 704 200
person 696 164 710 182
person 668 151 688 176
person 693 148 711 169
person 734 149 750 169
person 744 137 759 156
person 737 167 753 187
person 762 145 779 164
person 777 152 794 174
person 781 163 801 186
person 625 212 649 239
person 599 259 637 301
person 650 241 684 281
person 651 267 693 306
person 719 216 747 249
person 739 249 767 282
person 730 285 772 325
person 801 294 842 342
person 793 241 828 282
person 782 223 809 256
person 768 199 792 231
person 816 181 838 207
person 794 161 812 179
person 803 151 816 164
person 816 154 831 172
person 834 156 850 175
person 855 169 874 189
person 875 193 898 219
person 822 215 848 246
person 898 166 912 186
person 901 148 919 170
person 906 181 926 203
person 927 188 948 213
person 950 155 968 175
person 984 164 1004 189
person 941 178 959 200
person 925 169 943 190
person 855 329 906 387
person 891 264 925 304
person 834 236 861 268
person 949 263 985 306
person 977 247 1004 283
person 986 202 1008 227
person 981 229 1006 256
person 1017 300 1050 344
person 1002 357 1048 407
person 1035 275 1064 308
person 1058 234 1089 270
person 1054 211 1080 241
person 1023 206 1047 231
person 1040 192 1057 216
person 1042 178 1063 199
person 1021 172 1044 200
person 1055 161 1075 192
person 1084 193 1104 220
person 1121 236 1145 265
person 1108 261 1135 297
person 1097 300 1135 347
person 1119 215 1143 239
person 1130 206 1151 232
person 1131 186 1154 214
