person 1 261 71 351
person 30 216 114 298
person 47 191 87 229
person 88 177 124 217
person 99 214 150 271
person 127 202 169 257
person 157 194 192 238
person 275 230 341 309
person 185 288 315 393
person 243 235 284 280
person 251 186 275 217
person 310 180 340 208
person 310 196 341 232
person 279 200 316 231
person 350 195 377 229
person 366 204 397 235
person 383 190 408 214
person 391 198 436 239
person 378 225 422 276
person 416 224 464 284
person 452 212 523 291
person 444 195 485 231
person 435 125 462 154
person 515 237 590 333
person 512 206 553 249
person 541 205 578 251
