person 85 311 153 381
person 229 160 256 189
person 264 152 291 182
person 316 133 341 160
person 367 118 391 143
person 379 134 408 163
person 421 113 444 139
person 444 142 475 171
person 435 107 459 130
person 470 102 495 126
person 469 131 491 156
person 528 169 559 202
person 567 131 595 165
person 514 108 541 135
person 530 90 546 113
person 553 90 573 109
person 596 84 619 107
person 602 107 625 136
person 632 87 655 114
person 671 118 695 144
person 679 86 699 111
person 675 73 694 93
person 707 71 724 93
person 708 89 730 115
person 708 110 726 133
person 735 101 757 128
person 741 84 761 104
person 729 64 748 86
person 760 107 781 135
person 771 66 791 90
person 804 96 825 118
person 802 77 821 97
person 821 67 837 86
person 841 74 862 96
person 842 89 864 114
person 843 114 864 142
person 823 122 847 152
person 871 85 890 111
person 747 158 782 190
person 691 183 726 223
person 734 205 767 242
person 801 216 838 257
person 880 221 912 267
person 890 142 919 174
person 920 161 944 187
person 972 244 1010 297
person 1056 268 1094 318
person 1086 221 1116 262
person 1058 188 1083 219
person 995 162 1023 194
person 969 144 994 175
person 907 126 931 153
person 919 104 940 130
person 947 98 967 124
person 983 125 1003 146
person 1007 125 1031 150
person 993 104 1014 127
person 1037 117 1056 138
person 1070 128 1086 151
person 1084 126 1100 152
person 1106 125 1126 149
person 1107 142 1125 168
person 1087 158 1110 188
person 1132 185 1156 218
person 1160 208 1190 249
person 1166 266 1194 306
person 1199 202 1221 237
person 1199 181 1218 205
person 1208 143 1224 164
person 1166 134 1182 158
person 1144 150 1164 180
