person 3 213 31 241
person 30 200 55 228
person 47 214 76 246
person 67 210 87 234
person 99 206 117 225
person 114 209 137 234
person 97 222 127 254
person 135 212 153 231
person 150 208 165 224
person 152 202 166 217
person 171 202 190 228
person 185 206 202 226
person 177 221 200 246
person 120 234 180 298
person 215 228 273 309
person 205 208 230 234
person 233 216 250 236
person 248 217 268 245
person 266 211 282 234
person 286 202 303 221
person 294 215 321 250
person 315 231 360 283
person 324 203 351 235
person 327 169 342 194
person 351 208 370 230
person 373 222 397 248
person 388 229 453 307
person 448 214 496 267
person 397 211 419 232
person 383 206 403 230
