person 138 189 191 240
person 269 158 287 180
person 304 147 327 170
person 327 136 346 162
person 359 117 380 139
person 343 137 363 156
person 377 134 397 160
person 395 126 414 147
person 403 108 420 130
person 433 91 447 111
person 452 121 473 145
person 477 126 498 148
person 497 137 522 163
person 444 102 465 119
person 467 102 487 127
person 474 94 494 116
person 491 85 507 102
person 499 95 523 114
person 506 114 527 134
person 541 109 565 136
person 536 91 557 111
person 511 71 526 86
person 550 70 563 87
person 562 72 578 91
person 576 77 595 103
person 604 92 624 116
person 591 58 607 76
person 603 70 616 84
person 618 73 631 89
person 629 65 643 79
person 653 75 671 95
person 669 64 687 81
person 655 26 670 43
person 685 48 699 66
person 672 53 685 65
person 709 61 726 79
person 539 151 565 182
person 555 191 587 225
person 618 190 650 234
person 597 134 619 162
person 636 149 661 179
person 667 110 691 141
person 698 111 721 142
person 707 95 723 116
person 732 97 753 122
person 722 121 749 148
person 687 160 717 195
person 706 188 738 225
person 775 156 805 198
person 794 137 826 171
person 831 172 859 211
person 851 139 879 172
person 783 104 805 133
person 748 79 770 107
person 764 73 782 98
person 761 38 776 57
person 782 65 797 83
person 793 75 812 95
person 808 64 827 90
person 830 62 844 83
person 840 75 859 96
person 853 72 870 91
person 834 101 855 123
person 795 95 817 118
person 923 133 942 159
person 965 146 990 180
person 876 84 891 104
person 894 84 912 106
person 890 72 904 87
person 912 73 931 100
person 945 90 964 111
person 983 106 999 126
person 985 82 1001 104
person 948 76 961 91
