person 1 224 16 248
person 56 218 75 245
person 35 200 55 221
person 19 187 38 209
person 25 177 41 192
person 48 150 64 167
person 78 149 91 164
person 68 162 83 177
person 81 175 95 191
person 99 193 120 219
person 100 186 118 205
person 144 169 160 187
person 169 143 182 162
person 187 153 199 170
person 210 140 223 155
person 221 131 231 143
person 245 119 256 134
person 268 112 279 127
person 216 229 251 259
person 206 209 232 234
person 227 187 251 212
person 249 177 267 201
person 267 157 284 177
person 290 143 306 163
person 302 139 316 153
person 343 128 355 144
person 330 141 346 160
person 338 153 357 171
person 305 162 323 179
person 268 213 294 234
person 290 219 321 253
person 335 214 357 237
person 336 237 372 269
person 369 185 391 208
person 372 172 391 192
person 384 155 400 173
person 425 225 459 266
person 456 203 482 235
person 430 166 451 189
person 417 130 433 151
person 478 138 496 157
person 517 151 535 169
person 495 186 519 215
person 522 204 555 237
person 490 238 533 284
person 580 232 616 273
person 585 180 607 202
person 584 148 604 168
person 572 135 593 160
person 524 129 539 147
person 523 109 536 128
person 517 101 529 118
