person 108 349 159 395
person 233 231 251 249
person 272 243 295 268
person 317 244 338 270
person 306 210 327 231
person 364 238 388 265
person 386 229 405 251
person 425 226 443 247
person 389 200 405 219
person 452 229 474 253
person 506 227 528 252
person 454 204 471 220
person 433 186 448 201
person 455 188 469 202
person 484 189 497 208
person 481 169 497 186
person 500 174 515 192
person 531 184 549 204
person 520 163 535 179
person 531 157 545 171
person 588 184 608 205
person 575 217 595 238
person 527 211 545 231
person 490 209 509 228
person 588 159 605 179
person 608 167 622 185
person 625 163 641 184
person 661 185 676 208
person 642 149 658 169
person 663 142 678 158
person 669 171 683 191
person 678 165 690 179
person 694 165 708 185
person 698 151 712 168
person 704 135 719 151
person 722 143 738 158
person 741 147 754 165
person 738 166 756 185
person 770 158 786 177
person 768 143 779 157
person 784 148 798 170
person 812 143 824 162
person 519 275 553 313
person 612 232 642 265
person 590 296 623 328
person 666 301 704 339
person 668 264 699 291
person 687 224 709 251
person 742 230 763 256
person 757 248 785 280
person 794 245 818 271
person 729 319 764 360
person 806 363 841 405
person 943 322 974 358
person 896 291 926 324
person 823 274 860 309
person 788 212 813 235
person 731 210 754 228
person 771 184 792 207
person 815 169 832 189
person 861 174 878 194
person 854 163 870 179
person 823 198 847 222
person 890 174 905 191
person 885 150 903 171
person 913 161 928 180
person 903 187 920 208
person 936 162 952 181
person 961 181 979 203
person 952 197 968 217
person 945 237 968 271
person 954 222 976 250
person 979 207 998 231
person 1001 187 1019 207
person 989 169 1003 189
person 1015 180 1028 205
person 1027 171 1040 192
person 1050 184 1066 206
person 1046 215 1062 239
person 1003 248 1027 278
person 1004 230 1027 253
person 1065 216 1086 242
person 1100 246 1120 271
person 1065 311 1087 346
person 982 307 1018 347
person 1102 207 1118 221
person 1102 186 1115 204
