person 4 210 67 304
person 32 172 105 243
person 48 133 102 183
person 122 129 181 186
person 117 226 204 308
person 269 253 374 348
person 373 171 436 244
person 312 117 359 163
person 408 120 444 167
person 435 137 484 194
person 442 105 485 148
person 480 132 527 189
person 511 110 537 147
person 539 117 568 150
person 542 138 587 187
person 635 105 664 139
person 435 252 517 343
person 596 176 660 239
person 702 180 755 232
person 747 122 775 152
person 734 122 754 148
person 710 98 739 129
person 800 91 825 121
person 774 113 800 144
person 825 166 865 211
person 836 108 857 139
person 896 160 937 203
person 883 146 908 176
person 901 96 923 125
person 929 106 957 138
person 998 111 1025 140
person 994 167 1043 216
person 936 200 994 267
person 962 181 1004 222
person 803 239 878 328
person 1098 169 1136 221
person 1072 146 1102 182
person 1074 127 1097 155
person 1065 115 1088 141
person 1034 118 1061 151
person 1262 27 1339 115
person 1422 128 1449 158
person 2 356 119 542
