person 75 189 121 244
person 247 109 264 128
person 283 105 295 123
person 295 103 307 121
person 294 95 308 113
person 315 102 329 125
person 333 116 351 135
person 321 87 335 106
person 340 98 356 118
person 347 77 359 91
person 356 97 370 118
person 366 109 381 130
person 378 114 396 139
person 381 93 396 107
person 383 72 396 89
person 400 75 415 90
person 401 88 417 110
person 404 99 422 120
person 433 61 444 74
person 443 67 455 81
person 456 85 469 102
person 482 77 497 98
person 472 77 485 90
person 470 70 481 82
person 471 62 481 72
person 455 56 466 68
person 501 55 513 69
person 517 67 528 80
person 519 75 532 92
person 506 83 522 103
person 544 75 556 91
person 555 72 570 94
person 551 52 563 64
person 571 62 584 78
person 585 68 598 84
person 596 67 610 82
person 614 51 625 67
person 625 47 635 61
person 620 61 633 75
person 650 49 661 66
person 536 102 555 126
person 575 105 596 135
person 589 94 605 118
person 612 80 627 96
person 612 103 628 128
person 623 118 644 144
person 646 146 672 186
person 705 166 731 197
person 726 129 746 158
person 699 114 716 138
person 672 114 691 135
person 660 84 674 101
person 671 80 684 101
person 673 66 686 84
person 685 62 697 79
person 702 56 714 71
person 713 64 725 81
person 735 63 745 76
person 751 61 762 77
person 728 79 740 94
person 730 91 746 114
person 690 88 704 109
person 779 69 791 85
person 758 78 771 94
person 751 94 765 114
person 751 116 772 143
person 773 99 791 122
person 800 80 814 98
person 834 71 845 87
person 871 86 881 102
person 830 85 842 104
person 832 100 847 125
person 820 107 836 130
person 862 96 876 114
person 867 103 881 123
person 853 118 870 148
person 836 148 857 184
