person 1 480 89 609
person 208 395 284 474
person 312 165 377 233
person 214 562 338 689
person 311 465 397 563
person 330 411 425 520
person 561 215 621 262
person 549 499 661 635
person 549 444 641 551
person 750 442 855 564
person 835 228 900 298
person 873 473 971 622
person 980 424 1094 539
person 990 557 1138 746
person 1233 618 1436 866
person 1158 463 1258 592
person 1247 427 1330 521
person 1276 373 1331 440
person 1356 440 1450 565
person 1408 415 1496 509
person 1401 376 1477 458
person 1541 410 1600 510
