person 191 270 337 410
person 262 204 346 291
person 317 233 432 349
person 436 213 514 313
person 510 248 593 340
person 533 239 681 396
person 560 261 748 442
person 677 229 788 344
person 771 208 862 328
person 887 200 1041 352
person 972 263 1146 433
person 1139 66 1193 139
person 1111 88 1160 158
person 1048 58 1114 135
person 873 79 944 150
person 756 20 853 108
person 481 14 545 91
person 693 110 740 158
person 398 98 428 133
person 246 88 279 123
person 107 46 152 91
person 47 46 89 82
person 77 237 160 324
person 94 195 175 268
person 25 221 87 298
person 2 206 41 286
