person 269 245 284 258
person 44 223 63 245
person 7 237 30 262
person 31 322 78 378
person 10 296 43 329
person 61 307 86 333
person 70 293 94 317
person 102 297 128 326
person 92 367 167 428
person 127 334 175 395
person 2 317 47 433
person 161 307 198 353
person 237 325 287 388
person 345 330 396 381
person 387 379 461 436
person 409 313 440 349
person 467 319 512 373
person 517 294 540 324
person 539 292 563 321
person 556 279 575 304
person 578 291 606 323
person 606 287 630 312
person 497 299 516 320
person 473 300 494 320
person 472 286 489 303
person 449 293 470 307
person 437 300 459 324
person 413 300 434 320
person 400 291 419 314
person 366 297 385 327
person 310 297 340 325
person 282 303 310 330
person 248 311 276 336
person 221 307 248 335
person 233 292 248 310
person 218 284 237 304
person 345 286 362 308
person 172 292 188 307
person 136 294 158 321
person 136 274 150 287
person 190 297 209 320
person 518 281 534 294
person 586 276 598 289
person 577 270 587 285
person 571 256 582 270
person 584 262 592 276
person 598 271 611 286
person 633 270 651 291
