person 169 273 205 311
person 264 152 278 172
person 282 159 298 177
person 307 149 326 169
person 363 172 381 191
person 367 149 384 171
person 319 133 336 150
person 347 125 362 145
person 370 131 385 145
person 401 129 415 143
person 413 148 432 172
person 399 111 410 125
person 412 104 423 123
person 438 102 451 120
person 468 104 480 118
person 477 121 495 144
person 505 129 522 150
person 534 105 550 125
person 504 111 521 129
person 500 93 513 108
person 473 83 485 96
person 507 79 519 93
person 541 93 555 105
person 572 105 587 126
person 585 92 596 110
person 615 94 629 111
person 596 66 610 83
person 643 89 656 105
person 665 77 681 92
person 681 63 693 80
person 721 68 732 84
person 648 66 658 77
person 606 83 619 94
person 548 168 571 193
person 590 164 614 195
person 647 172 671 207
person 637 144 659 172
person 605 124 628 152
person 657 120 675 142
person 705 122 721 144
person 714 144 735 174
person 743 149 764 178
person 712 107 726 124
person 739 104 757 126
person 730 87 743 105
person 744 80 757 97
person 761 91 777 110
person 772 76 784 91
person 784 71 799 90
person 808 69 821 87
person 805 94 820 111
person 820 89 835 108
person 771 114 787 132
person 752 122 770 145
person 814 123 834 153
person 803 159 830 188
person 887 155 909 189
person 972 136 992 168
person 940 121 957 142
person 941 99 952 114
person 945 88 958 107
person 885 127 900 149
person 893 107 910 127
person 903 93 918 113
person 879 86 893 100
person 851 89 867 112
