person 127 357 178 412
person 246 232 271 259
person 278 249 307 281
person 314 253 341 286
person 316 211 340 236
person 379 235 413 268
person 402 224 425 250
person 355 223 382 252
person 398 201 417 223
person 434 226 461 255
person 465 221 495 253
person 463 200 485 224
person 463 191 482 208
person 450 172 471 196
person 493 169 515 195
person 519 173 539 198
person 498 206 522 233
person 516 233 548 263
person 534 212 561 240
person 572 208 602 247
person 534 181 554 203
person 538 163 553 183
person 544 158 565 175
person 601 178 624 207
person 601 160 621 181
person 625 165 648 189
person 642 183 665 212
person 667 167 690 195
person 658 145 679 165
person 668 137 687 155
person 703 168 725 193
person 704 152 722 171
person 714 137 735 158
person 739 140 758 166
person 750 152 769 172
person 749 168 768 196
person 783 141 800 160
person 795 155 814 179
person 801 144 821 165
person 534 269 578 316
person 618 273 659 322
person 612 240 651 279
person 698 221 727 254
person 715 255 744 287
person 678 296 720 349
person 729 317 779 367
person 767 248 802 290
person 756 230 784 261
person 741 206 768 235
person 784 183 810 212
person 790 207 820 238
person 807 244 836 277
person 837 269 874 310
person 813 357 860 412
person 902 281 945 323
person 958 340 1010 398
person 994 307 1039 355
person 1065 306 1110 360
person 1007 262 1042 306
person 957 240 985 272
person 975 225 1002 258
person 944 209 967 236
person 913 187 938 217
person 876 178 898 202
person 837 198 862 227
person 828 169 850 198
person 866 161 883 186
person 882 165 900 183
person 919 159 943 184
person 956 159 977 184
person 973 181 997 202
person 998 171 1017 196
person 1011 180 1033 209
person 1035 173 1052 199
person 1003 214 1030 248
person 1029 222 1055 254
person 1059 212 1086 245
person 1065 198 1085 219
person 1083 215 1108 244
person 1107 241 1139 279
person 1096 203 1121 230
person 1109 189 1131 211
