person 1 284 47 363
person 3 268 47 322
person 35 253 73 297
person 92 259 145 321
person 139 243 185 302
person 171 246 206 289
person 34 371 176 506
person 215 290 292 365
person 206 269 265 322
person 245 267 289 316
person 276 243 316 288
person 379 249 410 284
person 390 263 430 297
person 386 277 439 330
person 434 274 505 347
person 470 329 580 431
person 561 428 772 600
person 632 246 668 282
person 681 162 712 196
person 677 234 718 274
person 729 232 769 275
person 764 266 818 315
person 800 249 839 290
person 838 232 877 268
