person 12 177 32 201
person 56 172 78 193
person 92 196 116 220
person 115 191 146 226
person 119 171 136 193
person 160 191 186 221
person 206 192 235 220
person 197 172 218 194
person 241 168 258 184
person 251 179 267 196
person 242 189 271 221
person 268 174 288 199
person 262 170 273 183
person 298 180 320 204
person 346 181 371 205
person 365 172 378 188
person 397 219 464 293
person 453 195 488 236
person 528 212 573 254
person 528 191 558 223
person 541 184 573 219
person 439 151 453 169
person 435 179 450 199
person 452 180 469 193
person 404 182 427 204
person 394 181 408 198
