person 176 223 222 271
person 287 147 310 165
person 298 155 321 180
person 376 149 393 169
person 390 160 410 182
person 397 132 415 149
person 389 110 407 130
person 419 112 434 129
person 426 90 442 106
person 450 99 468 118
person 481 86 496 102
person 498 88 513 104
person 510 96 528 112
person 478 101 499 122
person 470 127 490 153
person 504 128 527 153
person 535 97 554 118
person 545 112 564 133
person 546 86 562 101
person 548 68 561 84
person 567 73 583 87
person 589 69 603 84
person 603 73 618 88
person 595 101 612 119
person 589 94 603 108
person 625 71 640 90
person 637 52 649 67
person 661 58 672 70
person 672 59 684 71
person 648 74 663 89
person 689 64 703 77
person 687 76 703 92
person 722 57 735 73
person 747 55 760 70
person 730 85 746 100
person 704 97 723 115
person 660 115 678 136
person 648 90 667 105
person 605 92 621 106
person 663 139 685 162
person 588 145 608 167
person 526 165 556 198
person 570 182 597 208
person 651 179 682 210
person 711 118 734 142
person 740 100 763 124
person 773 91 789 108
person 775 65 792 83
person 792 71 807 90
person 821 71 834 86
person 839 77 854 95
person 771 108 794 132
person 747 134 769 157
person 721 192 753 227
person 760 150 783 178
person 805 119 826 144
person 824 111 843 137
person 868 83 885 102
person 890 74 907 93
person 926 64 938 80
person 919 81 934 97
person 908 92 928 116
person 881 105 903 133
person 862 142 886 171
person 822 156 849 189
person 783 210 815 253
person 849 230 882 268
person 945 197 976 229
person 896 168 923 201
person 921 139 942 162
person 934 115 953 136
person 982 150 1002 174
person 983 117 998 145
person 953 96 972 115
person 992 89 1006 105
