person 57 145 75 165
person 284 111 302 133
person 314 97 330 116
person 381 128 402 154
person 375 101 393 121
person 385 72 401 93
person 408 86 430 105
person 405 111 423 133
person 443 107 460 128
person 436 81 459 103
person 429 64 442 79
person 447 66 460 80
person 470 64 486 80
person 490 62 504 78
person 495 91 512 111
person 501 79 516 95
person 519 68 532 83
person 546 67 562 83
person 580 57 591 71
person 541 132 563 157
person 574 102 593 124
person 608 108 630 131
person 610 87 628 110
person 574 141 601 180
person 612 174 645 214
person 612 140 634 171
person 669 110 691 136
person 679 83 697 103
person 643 80 662 102
person 733 117 756 143
person 743 138 766 170
person 770 145 796 183
person 796 139 819 166
person 828 173 858 209
person 821 207 860 252
person 850 110 867 133
