person 399 1470 679 1777
person 67 1348 250 1577
person 79 1095 199 1258
person 9 1090 74 1253
person 394 1048 504 1180
person 550 1065 696 1195
person 579 1238 767 1429
person 767 1053 867 1156
person 948 1024 1052 1143
person 1096 1229 1221 1365
person 991 1380 1223 1663
person 1211 1114 1323 1241
person 1326 1026 1423 1148
person 1435 1151 1572 1273
person 1460 1277 1584 1414
person 1735 1065 1821 1175
person 1804 1192 1935 1368
person 2006 1175 2126 1324
person 1991 1356 2196 1614
person 2350 1246 2533 1465
person 2723 1231 2887 1412
