person 45 222 74 259
person 254 162 276 181
person 306 155 325 184
person 309 135 333 161
person 377 147 401 169
person 419 151 437 175
person 403 129 422 149
person 390 107 412 129
person 419 110 436 130
person 427 98 448 122
person 444 95 461 119
person 453 92 473 112
person 465 124 491 152
person 501 121 525 147
person 473 101 495 127
person 496 102 513 124
person 512 90 527 111
person 502 77 515 98
person 518 82 532 100
person 519 108 540 132
person 559 107 579 132
person 545 89 563 108
person 535 80 552 97
person 555 77 568 92
person 575 97 590 117
person 594 94 618 116
person 582 70 597 90
person 596 63 616 84
person 622 75 639 95
person 622 63 638 78
person 635 54 648 71
person 647 74 667 96
person 657 58 670 71
person 662 69 679 91
person 682 54 701 73
person 685 67 698 87
person 703 72 718 92
person 692 90 713 115
person 710 58 726 77
person 746 52 764 71
person 533 160 562 199
person 592 166 622 200
person 610 130 636 158
person 652 140 684 174
person 665 163 695 198
person 727 166 772 215
person 782 186 818 234
person 777 141 804 175
person 738 124 772 155
person 721 97 739 120
person 695 117 722 143
person 665 109 687 137
person 751 92 770 121
person 768 90 789 112
person 772 106 795 137
person 799 117 824 147
person 828 112 850 138
person 829 89 847 112
person 798 77 816 99
person 815 69 831 92
person 783 55 802 80
person 836 151 861 184
person 850 187 890 232
person 890 157 917 192
person 943 197 985 241
person 972 161 996 200
person 970 148 992 177
person 990 138 1007 164
person 978 118 998 149
person 921 144 947 174
person 862 131 888 163
person 872 101 897 129
person 935 114 955 139
person 946 96 961 117
person 958 79 973 98
person 992 92 1004 107
person 915 77 930 95
person 918 96 936 122
person 865 76 885 101
person 885 72 902 95
person 898 77 911 94
