person 124 251 197 299
person 65 198 104 232
person 53 163 78 189
person 38 152 54 172
person 1 140 11 151
person 17 134 29 146
person 30 142 40 154
person 37 143 48 156
person 47 136 57 147
person 50 140 62 155
person 62 144 73 156
person 79 147 91 163
person 95 152 113 173
person 117 163 142 188
person 120 139 130 149
person 130 137 140 149
person 145 138 156 151
person 159 142 171 157
person 165 136 176 147
person 156 117 165 128
person 177 134 187 142
person 179 141 186 153
person 184 140 197 154
person 192 147 205 161
person 200 140 209 149
person 214 132 225 144
person 219 137 229 148
person 226 141 239 156
person 230 149 243 163
person 213 153 233 174
person 180 200 216 243
person 240 209 298 271
person 275 171 300 199
person 266 157 285 177
person 253 141 269 160
person 239 138 254 151
person 243 135 253 146
person 252 131 265 145
person 267 138 274 147
person 273 139 282 152
person 277 144 291 159
person 295 141 306 155
person 305 157 324 178
person 320 146 338 161
person 315 140 326 151
person 329 136 341 149
person 347 146 360 159
person 332 143 345 157
person 360 159 383 186
person 371 143 384 154
person 384 148 405 174
person 403 144 418 159
person 421 137 437 152
