person 175 197 226 248
person 326 91 345 110
person 354 95 369 115
person 369 79 381 95
person 374 106 391 122
person 379 120 400 138
person 410 103 427 123
person 411 88 425 105
person 421 76 434 90
person 435 84 449 103
person 441 98 459 120
person 454 110 474 136
person 452 89 469 107
person 448 69 462 83
person 468 67 482 84
person 477 61 487 73
person 498 79 515 100
person 480 94 500 113
person 509 95 526 114
person 522 83 539 101
person 519 66 533 79
person 533 70 549 85
person 565 73 582 90
person 551 85 572 103
person 570 66 582 79
person 564 53 577 69
person 583 51 593 63
person 600 63 615 77
person 626 53 637 69
person 633 62 650 79
person 658 60 673 74
person 679 57 690 72
person 544 117 564 142
person 583 115 609 146
person 595 103 621 127
person 609 148 637 179
person 650 176 682 207
person 700 126 730 157
person 711 113 732 138
person 725 98 742 117
person 704 85 724 105
person 691 73 706 93
person 680 76 696 93
person 676 92 694 113
person 716 68 730 84
person 728 81 744 98
person 750 63 765 78
person 764 76 778 91
person 743 93 762 113
person 758 104 776 124
person 802 115 822 137
person 788 131 811 163
person 814 150 842 178
person 818 132 843 158
person 855 123 872 142
person 825 96 841 114
person 792 93 809 112
person 804 75 820 92
person 841 88 854 105
person 860 102 874 122
person 892 159 917 190
person 905 111 921 131
person 911 97 926 117
person 901 82 914 97
