person 20 424 139 545
person 1 390 58 464
person 23 334 72 393
person 55 322 91 366
person 85 325 130 371
person 17 302 48 332
person 94 364 147 419
person 132 343 169 384
person 160 325 189 357
person 140 307 170 338
person 174 302 195 332
person 182 319 206 351
person 211 310 241 345
person 198 345 232 384
person 151 376 219 463
person 249 404 297 448
person 242 337 289 389
person 260 311 291 346
person 294 303 327 344
person 285 347 316 384
person 332 301 359 341
person 496 204 516 225
person 488 291 511 322
person 495 306 518 335
person 510 320 535 353
person 538 326 572 370
person 557 345 601 396
person 571 322 604 365
person 545 294 570 331
person 602 312 625 341
person 600 289 629 323
person 613 333 647 381
person 665 327 705 389
person 661 312 689 342
person 664 281 695 323
person 701 326 736 373
person 669 422 751 525
person 734 332 775 385
person 714 303 753 347
