person 156 242 197 288
person 261 148 282 171
person 289 149 307 172
person 310 147 329 170
person 325 132 345 153
person 345 124 364 145
person 357 150 376 173
person 374 146 400 171
person 365 126 384 148
person 380 114 397 133
person 405 104 427 125
person 414 142 438 166
person 414 123 435 143
person 433 107 450 126
person 458 109 477 128
person 453 134 472 159
person 490 133 511 161
person 401 163 432 193
person 500 116 519 135
person 480 88 497 111
person 523 86 539 104
person 528 103 549 129
person 553 109 578 137
person 514 73 532 92
person 571 86 590 109
person 592 68 609 88
person 618 92 633 110
person 626 76 641 93
person 629 66 643 81
person 651 73 663 88
person 656 81 670 96
person 675 66 689 83
person 719 64 733 79
person 651 109 674 133
person 587 132 611 165
person 597 156 628 191
person 516 172 549 210
person 635 177 668 219
person 636 137 666 170
person 685 117 711 147
person 700 102 722 127
person 721 93 740 113
person 731 106 752 132
person 709 138 737 173
person 760 115 782 143
person 760 96 779 119
person 751 80 769 100
person 772 41 787 58
person 786 57 803 79
person 810 74 830 96
person 803 81 819 99
person 805 95 827 118
person 778 110 798 138
person 774 157 803 191
person 811 173 842 203
person 829 118 852 152
person 832 84 849 103
person 855 91 876 120
person 869 110 891 137
person 889 72 906 93
person 898 97 917 124
person 943 111 962 135
person 947 97 961 113
person 950 88 964 102
person 906 138 934 176
person 975 152 1000 182
person 979 129 998 155
person 883 191 918 226
