person 182 249 233 314
person 246 233 294 295
person 325 158 348 185
person 385 144 406 170
person 432 133 453 156
person 445 157 471 180
person 463 127 487 153
person 473 104 492 130
person 498 109 518 133
person 481 46 500 64
person 487 85 504 104
person 500 86 515 105
person 550 89 569 108
person 562 75 579 96
person 580 83 599 105
person 607 82 627 107
person 566 112 585 133
person 494 180 527 217
person 687 143 718 175
person 751 154 781 192
person 728 81 751 107
person 762 70 780 90
person 770 85 789 106
person 789 66 805 89
person 804 87 826 114
person 818 146 849 180
person 845 104 869 130
person 918 118 941 146
person 864 71 879 91
