person 96 314 157 380
person 283 146 299 169
person 294 141 311 165
person 302 163 322 187
person 390 160 413 183
person 380 152 396 173
person 364 137 382 154
person 387 137 406 156
person 397 105 411 124
person 413 109 431 126
person 439 101 455 121
person 439 81 453 98
person 472 102 491 124
person 490 103 511 126
person 499 124 521 149
person 470 125 496 151
person 470 92 484 107
person 504 85 518 102
person 499 76 511 89
person 515 105 536 132
person 535 99 552 118
person 550 111 574 140
person 538 74 551 90
person 554 77 572 95
person 574 67 590 83
person 586 61 600 78
person 593 73 607 91
person 606 82 619 101
person 620 96 637 120
person 617 56 631 73
person 637 58 647 75
person 651 52 666 71
person 647 88 664 106
person 690 93 710 117
person 685 74 700 92
person 690 64 703 81
person 682 54 696 72
person 714 52 731 72
person 741 62 755 80
person 582 100 600 119
person 517 158 552 197
person 565 179 594 211
person 605 137 629 162
person 652 135 678 164
person 671 112 690 133
person 700 115 726 145
person 744 82 760 101
person 752 95 771 123
person 773 105 794 134
person 769 134 792 167
person 739 129 766 157
person 802 73 817 92
person 798 62 812 77
person 812 67 828 86
person 843 73 862 96
person 861 76 879 101
person 885 74 900 94
person 908 67 921 87
person 923 72 937 87
person 915 90 932 112
person 927 89 940 103
person 941 112 960 133
person 946 96 962 112
person 959 91 973 109
person 959 73 968 89
person 985 116 1004 140
person 988 140 1009 162
person 970 149 992 174
person 962 171 994 207
person 944 222 982 273
person 853 223 892 271
person 782 209 816 253
person 724 164 767 209
person 652 170 694 212
person 804 128 833 169
person 818 99 840 123
person 857 138 883 170
person 882 111 902 143
person 890 156 923 191
person 930 141 956 174
