person 144 181 187 243
person 605 239 671 305
person 354 65 370 80
person 386 76 399 96
person 388 123 401 141
person 400 108 418 129
person 425 115 443 133
person 447 75 460 94
person 451 87 469 106
person 552 62 568 77
person 490 95 515 115
person 522 96 549 119
person 572 119 599 138
person 598 122 621 149
person 679 78 695 95
person 684 90 699 107
person 705 80 718 103
person 720 98 736 115
person 746 94 759 116
person 790 130 810 158
person 837 126 860 155
person 895 120 914 141
person 907 99 922 121
