person 176 178 220 224
person 271 115 288 136
person 293 120 309 140
person 308 126 327 148
person 330 130 349 154
person 314 96 327 116
person 333 101 348 120
person 373 98 389 120
person 388 127 414 151
person 396 106 413 125
person 400 90 417 107
person 401 76 415 94
person 423 106 439 126
person 429 110 447 131
person 451 122 472 145
person 433 90 449 108
person 439 81 454 95
person 463 92 480 112
person 455 73 466 84
person 470 70 483 85
person 477 80 493 97
person 487 66 500 83
person 501 73 513 88
person 507 68 519 82
person 525 75 538 88
person 499 92 518 113
person 516 89 529 107
person 532 95 547 116
person 560 91 576 110
person 572 72 584 85
person 561 65 571 79
person 569 59 579 71
person 586 57 597 71
person 597 72 610 85
person 595 80 608 97
person 616 60 628 73
person 630 68 644 87
person 632 62 643 73
person 639 53 652 68
person 665 59 678 77
person 690 60 700 74
person 654 67 664 81
person 463 145 493 181
person 523 159 551 192
person 561 126 584 154
person 598 111 624 137
person 614 122 635 149
person 651 95 667 119
person 640 145 666 175
person 566 167 602 210
person 672 82 690 100
person 680 98 697 118
person 701 116 721 143
person 703 150 729 179
person 649 184 683 223
person 710 206 742 250
person 740 162 764 192
person 748 125 769 153
person 721 107 737 123
person 723 96 738 110
person 723 70 737 89
person 760 89 779 111
person 766 73 780 92
person 772 118 789 144
person 792 130 814 158
person 784 201 817 243
person 796 186 820 213
person 838 129 859 159
person 854 116 876 140
person 875 176 901 213
person 853 216 890 259
person 885 151 906 178
person 898 109 917 136
