person 246 118 266 144
person 312 87 336 116
person 387 120 412 147
person 383 101 402 121
person 408 101 425 120
person 426 106 442 130
person 441 134 466 160
person 461 109 481 132
person 385 64 403 83
person 385 42 408 61
person 414 68 431 85
person 424 54 440 71
person 476 121 497 145
person 452 54 473 75
person 462 67 484 88
person 486 40 502 57
person 486 62 501 77
person 508 89 527 112
person 486 108 505 128
person 529 79 546 96
person 533 48 546 64
person 554 64 569 78
person 569 47 586 66
person 592 51 609 69
person 606 63 622 81
person 612 52 624 65
person 574 68 587 82
person 639 69 654 85
person 661 74 674 91
person 668 52 683 69
person 693 58 712 75
person 690 33 701 45
person 717 59 731 71
person 551 100 575 125
person 559 143 585 174
person 608 132 634 163
person 620 116 639 136
person 649 104 672 128
person 568 87 586 107
person 681 97 702 120
person 714 96 736 119
person 748 98 776 131
person 737 73 751 92
person 617 174 644 207
person 797 115 816 141
person 807 137 834 168
person 754 53 770 70
person 778 57 795 78
person 839 86 856 105
person 833 49 853 74
person 801 87 818 105
person 876 49 893 69
person 924 73 942 96
person 896 95 923 127
person 868 93 889 115
person 854 117 872 142
person 974 148 1007 193
person 968 199 1008 249
person 945 96 974 134
person 961 85 982 114
person 992 76 1008 97
person 982 64 997 85
