person 157 184 197 219
person 291 139 309 160
person 304 146 329 167
person 312 127 332 149
person 376 140 399 163
person 362 131 378 149
person 393 152 414 174
person 400 122 421 147
person 386 101 403 121
person 416 103 432 122
person 425 105 444 127
person 433 91 453 112
person 466 99 492 126
person 460 117 484 143
person 486 123 508 148
person 478 80 493 100
person 467 79 482 99
person 492 79 509 101
person 503 94 522 118
person 519 85 536 106
person 532 95 552 120
person 545 83 559 105
person 546 74 565 89
person 538 62 552 78
person 564 61 579 78
person 596 59 611 76
person 604 65 619 82
person 618 71 636 90
person 605 85 628 107
person 641 82 661 102
person 626 55 645 74
person 634 46 651 64
person 659 46 673 64
person 655 66 668 84
person 686 70 699 85
person 691 59 704 75
person 683 47 698 64
person 716 48 731 66
person 741 47 757 66
person 570 99 593 124
person 529 154 561 191
person 568 179 602 213
person 588 133 615 161
person 637 165 671 206
person 636 152 661 179
person 666 103 689 129
person 692 84 714 108
person 717 80 735 103
person 741 94 762 117
person 712 105 735 133
person 770 126 799 157
person 762 120 783 146
person 773 99 795 125
person 770 90 787 108
person 797 72 814 90
person 796 59 814 78
person 797 110 825 141
person 826 103 846 131
person 827 74 848 103
person 817 66 833 86
person 848 73 869 98
person 883 70 901 92
person 885 55 902 71
person 918 73 934 95
person 925 63 937 78
person 903 89 926 113
person 882 105 905 136
person 857 125 879 153
person 827 139 861 177
person 779 172 822 222
person 718 165 757 210
person 859 186 901 226
person 883 156 912 196
person 929 141 952 173
person 946 186 983 228
person 954 158 986 192
person 967 132 992 162
person 985 116 1000 136
person 938 108 956 135
person 957 92 976 113
person 945 80 962 98
person 951 69 967 86
person 988 79 1006 101
