person 911 115 926 137
person 871 115 885 138
person 908 147 925 175
person 895 173 919 205
person 887 209 916 248
person 855 134 874 160
person 817 157 839 189
person 809 128 826 157
person 792 110 809 136
person 762 121 781 149
person 764 154 783 183
person 793 201 822 242
person 739 184 768 224
person 684 158 710 192
person 711 157 733 182
person 669 125 690 153
person 716 118 734 143
person 738 85 753 108
person 745 92 759 114
person 738 66 750 85
person 773 69 784 86
person 789 85 801 105
person 698 81 712 104
person 703 90 718 112
person 663 89 679 112
person 712 59 723 75
person 677 62 688 78
person 685 53 695 67
person 657 71 669 88
person 655 51 665 66
person 619 57 630 71
person 609 51 620 66
person 608 127 628 156
person 580 117 597 143
person 615 116 633 139
person 586 164 610 197
person 543 135 565 165
person 478 144 500 173
person 575 61 583 74
person 589 67 600 83
person 608 74 620 93
person 546 63 557 78
person 542 74 552 91
person 552 78 562 95
person 543 82 556 100
person 577 87 589 107
person 514 66 526 81
person 514 90 527 110
person 505 71 515 87
person 483 80 497 98
person 483 113 501 138
person 468 91 483 112
person 410 76 422 91
person 436 86 451 107
person 423 115 444 140
person 440 116 460 140
person 406 90 421 112
person 408 97 424 118
person 402 106 419 130
person 488 67 501 84
person 344 93 356 110
person 338 104 351 126
person 365 101 380 124
person 371 119 387 143
person 361 130 376 153
person 349 116 366 138
person 279 115 294 134
person 294 125 311 145
person 176 181 216 225
