person 17 257 46 288
person 278 209 296 231
person 308 232 328 256
person 347 232 366 258
person 345 185 362 207
person 398 219 421 247
person 431 205 449 226
person 428 179 446 200
person 457 198 477 223
person 491 201 514 228
person 494 182 510 202
person 542 208 561 238
person 477 161 492 181
person 493 164 509 180
person 520 146 534 162
person 541 157 557 176
person 575 159 590 179
person 570 186 586 208
person 606 195 625 220
person 631 167 651 189
person 615 156 631 177
person 631 150 643 165
person 568 140 583 157
person 646 147 664 169
person 665 172 682 193
person 706 158 721 179
person 697 148 708 162
person 680 135 695 152
person 696 130 711 148
person 732 145 745 162
person 772 147 786 164
person 729 127 745 148
person 746 119 759 136
person 762 125 777 142
person 778 131 792 149
person 799 121 811 137
person 815 131 829 153
person 850 131 863 147
person 856 144 872 165
person 820 159 838 181
person 767 181 791 208
person 722 200 744 224
person 642 216 674 248
person 554 251 586 290
person 637 265 664 300
person 710 279 744 325
person 738 218 766 254
person 788 222 821 260
person 784 209 804 244
person 832 216 855 247
person 826 191 849 217
person 881 171 897 196
person 897 145 912 163
person 901 163 919 183
person 767 298 800 337
person 844 304 888 356
person 887 253 917 285
person 943 266 973 302
person 981 222 1006 256
person 1042 227 1066 262
person 1025 213 1045 242
person 1016 295 1051 338
person 987 325 1027 381
person 1098 288 1127 327
person 935 171 955 194
person 922 158 936 176
person 924 136 940 157
person 958 144 974 165
person 945 147 962 167
person 988 156 1006 184
person 1021 150 1037 172
person 1037 170 1054 193
person 993 190 1013 210
person 1060 149 1075 171
person 1090 172 1106 195
person 1075 197 1091 217
person 1055 208 1074 233
person 1132 212 1155 243
person 1109 197 1127 224
person 1135 189 1150 208
person 1140 172 1157 192
