person 942 1290 1079 1451
person 167 1829 391 2054
person 636 2260 1318 2966
person 1042 1857 1409 2281
person 1018 1775 1255 1972
person 1136 1714 1321 1923
person 1403 1666 1524 1820
person 1467 1748 1615 1926
person 1576 1796 1785 2026
person 1761 1908 2064 2245
person 2223 2278 2648 2790
person 2458 1929 2779 2269
person 2297 1711 2488 1905
person 2051 1845 2230 2014
person 1927 1796 2082 1914
person 1752 1657 1909 1805
person 2109 1620 2258 1796
person 2479 1675 2609 1808
person 2767 1684 2945 1875
person 2679 1820 2879 2014
person 3185 1878 3467 2193
person 3661 1902 4027 2375
person 3464 1790 3721 2090
person 3500 1720 3667 1866
person 3445 1648 3579 1772
person 3233 1817 3412 1984
person 3112 1739 3273 1884
person 3158 1663 3288 1793
person 3685 1642 3836 1796
person 3791 1702 3958 1866
person 3909 1596 4032 1778
