person 164 202 208 251
person 196 192 236 236
person 261 129 280 150
person 307 120 324 139
person 366 120 388 146
person 356 102 373 121
person 378 100 393 119
person 380 80 395 99
person 399 82 417 105
person 381 63 394 79
person 400 67 413 82
person 449 59 463 77
person 473 64 488 82
person 492 68 507 85
person 454 88 471 110
person 402 147 424 174
person 552 113 577 142
person 616 122 642 152
person 661 125 689 154
person 582 64 600 83
person 609 65 624 81
person 627 67 643 88
person 637 59 656 80
person 656 70 670 89
person 683 79 700 102
person 694 53 707 67
person 752 93 773 118
