person 37 158 52 176
person 64 166 78 183
person 64 201 84 221
person 102 205 118 222
person 93 164 108 180
person 84 157 98 173
person 110 163 122 178
person 123 165 134 181
person 133 165 148 182
person 140 213 157 233
person 152 171 167 186
person 150 160 164 175
person 163 168 177 185
person 175 163 189 178
person 182 164 194 180
person 170 204 189 224
person 194 167 207 183
person 201 167 214 183
person 212 164 226 179
person 227 162 240 177
person 209 202 230 225
person 245 210 262 228
person 244 164 255 180
person 257 165 269 183
person 265 163 275 178
person 272 164 284 179
person 277 203 294 221
person 288 163 301 181
person 306 165 317 183
person 318 171 332 188
person 320 164 330 176
person 312 204 329 225
person 339 201 355 222
person 332 166 345 181
person 343 160 353 174
person 351 164 363 179
person 364 167 375 182
person 371 164 382 176
person 378 168 391 185
person 387 168 398 182
person 396 161 407 175
person 400 168 414 186
person 369 212 382 229
person 399 207 415 225
person 416 170 428 183
person 432 172 444 188
person 446 167 459 185
person 460 168 473 185
person 466 209 483 229
person 438 209 453 229
person 488 172 501 187
person 483 165 494 178
person 511 162 528 180
