person 5 339 80 439
person 48 252 81 297
person 87 239 116 269
person 116 249 155 289
person 162 259 195 299
person 171 234 194 260
person 192 228 211 250
person 203 210 219 227
person 211 239 229 257
person 220 235 241 262
person 231 245 261 279
person 212 277 271 351
person 266 265 301 309
person 271 240 298 266
person 294 251 327 288
person 323 238 342 265
person 356 248 396 296
person 317 284 377 349
person 254 245 273 265
person 540 236 563 262
person 555 244 584 273
person 581 233 600 260
