person 134 201 157 226
person 208 166 230 189
person 240 165 265 190
person 286 150 307 171
person 371 181 395 212
person 416 149 435 170
person 439 144 454 165
person 441 179 465 205
person 503 188 532 221
person 521 151 542 175
person 474 136 493 157
person 497 131 519 152
person 581 105 602 130
person 611 138 635 168
person 615 191 641 224
person 653 131 674 157
person 673 114 689 138
person 646 98 668 118
person 708 113 733 135
person 703 95 719 115
person 724 102 745 126
person 758 71 772 88
person 697 203 731 235
person 815 229 853 275
person 707 161 730 188
person 741 167 766 200
person 746 149 771 174
person 806 119 823 150
person 817 137 845 171
person 838 107 861 127
person 939 242 975 282
person 892 163 928 202
person 876 151 901 177
person 805 179 834 211
person 873 124 894 147
person 907 127 930 155
person 944 153 966 177
person 965 138 987 163
person 952 119 971 141
person 969 83 989 106
person 1004 90 1022 114
person 1006 152 1029 189
person 970 196 999 232
person 1054 190 1087 225
person 1083 169 1106 203
person 1125 173 1149 208
person 1112 130 1132 154
person 1030 146 1049 177
person 1059 127 1074 151
person 1073 96 1091 121
person 1026 111 1045 135
