person 118 321 173 394
person 260 239 284 262
person 300 242 331 272
person 343 246 374 278
person 345 199 363 226
person 404 228 433 262
person 425 218 444 242
person 433 196 452 218
person 464 225 484 249
person 502 223 525 250
person 538 225 562 258
person 530 203 553 228
person 492 197 510 219
person 476 169 494 190
person 501 171 520 192
person 544 173 560 193
person 556 165 570 186
person 571 177 591 199
person 565 205 587 234
person 612 205 633 231
person 627 194 648 220
person 600 176 618 199
person 571 160 589 175
person 627 169 643 189
person 659 165 676 186
person 672 177 693 205
person 696 168 716 193
person 667 149 685 170
person 696 144 714 162
person 706 156 724 177
person 728 163 743 185
person 729 148 744 167
person 744 133 759 154
person 764 138 780 158
person 775 149 791 174
person 765 169 784 193
person 806 144 822 163
person 820 151 837 173
person 833 148 848 171
person 602 247 636 287
person 655 266 692 302
person 644 245 672 280
person 720 209 749 246
person 735 278 777 324
person 731 248 767 286
person 798 285 840 333
person 788 239 823 281
person 779 218 807 250
person 764 194 787 221
person 820 177 839 200
person 833 239 862 269
person 858 304 902 362
person 883 256 917 298
person 934 291 972 331
person 987 327 1027 373
person 1013 289 1050 329
person 1037 274 1070 307
person 1094 306 1134 347
person 1094 256 1120 293
person 1054 247 1083 279
person 1074 210 1097 241
person 1107 229 1129 260
person 1121 217 1141 248
person 1139 208 1154 230
person 1129 184 1146 207
person 1090 191 1107 217
person 1059 172 1076 194
person 1043 173 1063 198
person 1047 188 1066 212
person 1031 201 1052 228
person 996 230 1025 261
person 947 243 979 285
person 983 196 1008 226
person 991 179 1013 201
person 1016 174 1035 200
person 983 160 1000 182
person 947 163 967 183
person 929 189 952 217
person 932 171 954 196
person 893 175 912 201
person 902 161 919 183
person 911 151 929 172
person 856 162 874 185
person 878 188 897 218
person 828 217 857 241
