person 157 261 201 302
person 261 148 275 166
person 282 153 298 168
person 307 145 322 161
person 305 165 323 189
person 365 149 383 166
person 386 153 403 174
person 407 162 426 185
person 336 126 352 140
person 362 118 375 130
person 374 126 393 142
person 413 122 433 143
person 456 126 474 149
person 498 128 520 148
person 518 111 534 127
person 499 104 512 122
person 454 106 472 124
person 424 105 442 122
person 401 102 421 121
person 469 85 481 100
person 482 88 497 102
person 515 85 529 101
person 505 74 517 87
person 547 89 564 104
person 550 112 567 134
person 577 88 591 107
person 597 89 616 107
person 580 68 593 83
person 616 71 627 84
person 652 78 665 94
person 628 76 640 92
person 644 68 656 79
person 676 73 687 89
person 703 66 715 83
person 547 162 575 194
person 599 120 619 146
person 603 159 627 187
person 629 179 657 208
person 653 131 675 157
person 661 109 679 128
person 701 99 715 116
person 708 117 725 139
person 697 145 721 174
person 749 160 771 184
person 743 126 764 152
person 738 100 753 120
person 726 86 740 102
person 748 86 763 101
person 767 93 782 109
person 780 82 795 97
person 771 69 786 84
person 775 111 794 130
person 806 125 827 153
person 812 105 832 128
person 806 89 822 103
person 813 66 822 80
person 825 76 843 95
person 849 98 867 121
person 873 119 891 140
person 914 124 930 149
person 892 106 907 125
person 878 81 894 99
person 910 84 928 103
person 812 159 836 191
person 877 188 902 216
person 992 142 1006 173
person 964 145 979 164
person 936 96 951 116
person 946 79 961 99
person 922 112 934 126
