person 150 146 188 188
person 248 108 260 122
person 264 100 274 113
person 283 102 296 117
person 287 117 301 133
person 314 98 328 114
person 317 90 333 102
person 351 82 364 94
person 367 86 379 98
person 351 96 365 111
person 377 98 392 113
person 351 123 371 145
person 388 90 400 101
person 378 75 390 88
person 398 76 410 88
person 416 89 429 102
person 429 92 443 110
person 392 68 403 80
person 405 59 415 71
person 436 64 449 79
person 453 70 466 87
person 474 78 488 94
person 481 70 493 83
person 465 53 474 65
person 490 47 500 57
person 513 45 521 56
person 508 54 518 64
person 515 61 528 76
person 536 43 545 55
person 531 50 540 61
person 548 54 561 67
person 510 90 526 109
person 464 110 482 130
person 499 115 516 137
person 448 134 469 160
person 400 136 423 160
person 496 145 520 171
person 547 116 566 136
person 557 142 577 172
person 593 124 612 148
person 590 97 609 120
person 548 88 565 109
person 544 78 558 92
person 573 41 585 58
person 598 61 610 76
person 575 77 589 97
person 609 72 621 87
person 619 79 635 104
person 622 65 633 79
person 635 71 648 89
person 614 52 625 66
person 625 47 636 62
person 639 57 650 72
person 666 58 675 74
person 676 58 685 73
person 664 74 677 96
person 685 75 696 91
person 693 61 703 77
person 709 67 721 84
person 721 62 729 72
person 722 66 734 81
person 743 72 754 86
person 753 60 762 74
person 775 68 786 85
person 736 85 751 102
person 765 88 780 108
person 702 84 714 100
person 722 100 739 122
person 759 122 777 149
person 636 125 656 152
