person 15 880 409 1334
person 541 677 789 986
person 1001 657 1172 900
person 921 612 1049 777
person 981 514 1112 646
person 1132 577 1267 763
person 1561 900 1895 1312
person 1589 734 1832 969
person 1481 603 1647 792
person 1392 557 1512 723
person 1624 503 1735 632
person 1792 546 1938 700
person 2032 563 2129 712
person 2347 706 2621 1054
person 2267 677 2467 920
person 2184 583 2355 794
person 2338 535 2481 686
person 2492 543 2609 677
person 2672 626 2798 789
person 2604 577 2718 717
person 2975 583 3195 834
person 3329 689 3618 969
person 3575 820 3918 1172
